Iteration : 2
Average   : -0.09674
Max Val   : -0.09281
Min Val   : -0.10067
Start     : 0.15000
Finish    : 0.45000
Gradient  : -0.02619
Grad Label: cons  

Iteration : 3
Average   : -0.11258
Max Val   : -0.10266
Min Val   : -0.12250
Start     : 0.45000
Finish    : 3.95000
Gradient  : -0.00567
Grad Label: cons  

Iteration : 4
Average   : -0.12033
Max Val   : -0.11993
Min Val   : -0.12073
Start     : 3.95000
Finish    : 4.50500
Gradient  : -0.00142
Grad Label: cons  

