Iteration : 2
Average   : -1.50229
Max Val   : -1.44094
Min Val   : -1.56363
Start     : 0.15000
Finish    : 0.32500
Gradient  : -0.70110
Grad Label: cons  

Iteration : 3
Average   : -1.69837
Max Val   : -1.57981
Min Val   : -1.81692
Start     : 0.32500
Finish    : 3.02500
Gradient  : -0.08782
Grad Label: cons  

Iteration : 4
Average   : -1.68199
Max Val   : -1.61166
Min Val   : -1.75232
Start     : 3.02500
Finish    : 4.50500
Gradient  : 0.10349
Grad Label: cons  

