Iteration : 2
Average   : 1.96748
Max Val   : 2.04263
Min Val   : 1.89232
Start     : 0.15000
Finish    : 0.30000
Gradient  : 1.00207
Grad Label: spos  

Iteration : 3
Average   : 2.15942
Max Val   : 2.28581
Min Val   : 2.03302
Start     : 0.30000
Finish    : 4.50500
Gradient  : 0.05669
Grad Label: cons  

