Iteration : 2
Average   : 0.00177
Max Val   : 0.00364
Min Val   : -0.00010
Start     : 1.02500
Finish    : 3.17500
Gradient  : -0.00174
Grad Label: cons  

Iteration : 3
Average   : -0.00840
Max Val   : -0.00191
Min Val   : -0.01489
Start     : 3.17500
Finish    : 4.50500
Gradient  : -0.01065
Grad Label: cons  

