Iteration : 2
Average   : -0.00210
Max Val   : -0.00134
Min Val   : -0.00287
Start     : 3.97500
Finish    : 4.50500
Gradient  : -0.00281
Grad Label: cons  

