Iteration     : 1
CompLabel     : FX
averageVal1   : 0.01035
averageVal2   : 0.02874
AVG_MAG_VAL   : 0.01954
rmsVal1       : 0.01855
rmsVal2       : 0.01855
AVG_RMS_Val   : 0.04731
amplitudeVal1 : 0.02273
amplitudeVal2 : 0.03714
AVG_AMP_VAL   : 0.03714
Label 1       : a
Label 2       : a
t1Start       : 0.00000
t1End         : 3.25000
t2Start       : 3.25000
t2End         : 3.30500
tAvgIndex     : 1.65250

