Iteration     : 1
CompLabel     : FX
averageVal1   : 2.09613
averageVal2   : 1.56962
AVG_MAG_VAL   : 2.01317
rmsVal1       : 2.20460
rmsVal2       : 2.20460
AVG_RMS_Val   : 2.80137
amplitudeVal1 : 0.38693
amplitudeVal2 : 2.46350
AVG_AMP_VAL   : 2.46350
Label 1       : a
Label 2       : a
t1Start       : 0.00000
t1End         : 3.57500
t2Start       : 3.57500
t2End         : 4.50000
tAvgIndex     : 2.25000

