Iteration     : 1
CompLabel     : CT
averageVal1   : 0.02682
averageVal2   : 0.02682
AVG_MAG_VAL   : 0.02682
rmsVal1       : 0.44153
rmsVal2       : 0.44153
AVG_RMS_Val   : 0.44153
amplitudeVal1 : 0.56040
amplitudeVal2 : 0.56040
AVG_AMP_VAL   : 0.56040
Label 1       : pc
Label 2       : z
t1Start       : 0.00000
t1End         : 3.32500
t2Start       : 3.32500
t2End         : 3.39500
tAvgIndex     : 1.69750

