Iteration     : 1
CompLabel     : CT
averageVal1   : 0.31518
averageVal2   : 0.31518
AVG_MAG_VAL   : 0.31518
rmsVal1       : 2.19927
rmsVal2       : 2.19927
AVG_RMS_Val   : 2.19927
amplitudeVal1 : 7.32575
amplitudeVal2 : 7.32575
AVG_AMP_VAL   : 7.32575
Label 1       : nc
Label 2       : z
t1Start       : 0.00000
t1End         : 3.32500
t2Start       : 3.32500
t2End         : 3.39500
tAvgIndex     : 1.69750

