Iteration     : 1
CompLabel     : FX
averageVal1   : 2.10579
averageVal2   : 2.10579
AVG_MAG_VAL   : 2.10579
rmsVal1       : 2.24711
rmsVal2       : 2.24711
AVG_RMS_Val   : 2.24711
amplitudeVal1 : 0.19200
amplitudeVal2 : 0.19200
AVG_AMP_VAL   : 0.19200
Label 1       : k
Label 2       : k
t1Start       : 0.00000
t1End         : 4.49500
t2Start       : 0.00000
t2End         : 4.49500
tAvgIndex     : 2.24750

