Iteration     : 1
CompLabel     : FX
averageVal1   : -0.00114
averageVal2   : -0.00114
AVG_MAG_VAL   : -0.00114
rmsVal1       : 0.00080
rmsVal2       : 0.00080
AVG_RMS_Val   : 0.00080
amplitudeVal1 : 0.00473
amplitudeVal2 : 0.00473
AVG_AMP_VAL   : 0.00473
Label 1       : k
Label 2       : k
t1Start       : 0.00000
t1End         : 4.49500
t2Start       : 0.00000
t2End         : 4.49500
tAvgIndex     : 2.24750

