Iteration     : 1
CompLabel     : FX
averageVal1   : -2.48185
averageVal2   : -2.48185
AVG_MAG_VAL   : -2.48185
rmsVal1       : -1.56708
rmsVal2       : -1.56708
AVG_RMS_Val   : -1.56708
amplitudeVal1 : 0.24671
amplitudeVal2 : 0.24671
AVG_AMP_VAL   : 0.24671
Label 1       : k
Label 2       : k
t1Start       : 0.00000
t1End         : 4.49500
t2Start       : 0.00000
t2End         : 4.49500
tAvgIndex     : 2.24750

