Iteration : 1
Average   : 0.00263
Max Val   : 0.00460
Min Val   : 0.00066
Start     : 0.00000
Finish    : 2.95000
Gradient  : -0.00134
Grad Label: cons  

Iteration : 2
Average   : -0.00716
Max Val   : -0.00111
Min Val   : -0.01321
Start     : 2.95000
Finish    : 3.65000
Gradient  : -0.01729
Grad Label: cons  

Iteration : 3
Average   : 0.00302
Max Val   : 0.01679
Min Val   : -0.01075
Start     : 3.65000
Finish    : 3.79000
Gradient  : 0.18582
Grad Label: spos  

