Iteration     : 1
CompLabel     : FX
averageVal1   : -0.10367
averageVal2   : -0.10367
AVG_MAG_VAL   : -0.10367
rmsVal1       : -0.05381
rmsVal2       : -0.05381
AVG_RMS_Val   : -0.05381
amplitudeVal1 : 0.04663
amplitudeVal2 : 0.04663
AVG_AMP_VAL   : 0.04663
Label 1       : k
Label 2       : k
t1Start       : 0.00000
t1End         : 4.50000
t2Start       : 0.00000
t2End         : 4.50000
tAvgIndex     : 2.25000

