Iteration     : 1
CompLabel     : FX
averageVal1   : -0.00231
averageVal2   : -0.00231
AVG_MAG_VAL   : -0.00231
rmsVal1       : 0.00511
rmsVal2       : 0.00511
AVG_RMS_Val   : 0.00511
amplitudeVal1 : 0.01633
amplitudeVal2 : 0.01633
AVG_AMP_VAL   : 0.01633
Label 1       : k
Label 2       : k
t1Start       : 0.00000
t1End         : 4.50000
t2Start       : 0.00000
t2End         : 4.50000
tAvgIndex     : 2.25000

