Iteration     : 1
CompLabel     : FX
averageVal1   : 2.11687
averageVal2   : 2.11687
AVG_MAG_VAL   : 2.11687
rmsVal1       : 2.29843
rmsVal2       : 2.29843
AVG_RMS_Val   : 2.29843
amplitudeVal1 : 0.24622
amplitudeVal2 : 0.24622
AVG_AMP_VAL   : 0.24622
Label 1       : k
Label 2       : k
t1Start       : 0.00000
t1End         : 4.50000
t2Start       : 0.00000
t2End         : 4.50000
tAvgIndex     : 2.25000

