Iteration     : 1
CompLabel     : FX
averageVal1   : -2.47137
averageVal2   : -2.47137
AVG_MAG_VAL   : -2.47137
rmsVal1       : -1.55748
rmsVal2       : -1.55748
AVG_RMS_Val   : -1.55748
amplitudeVal1 : 0.25806
amplitudeVal2 : 0.25806
AVG_AMP_VAL   : 0.25806
Label 1       : k
Label 2       : k
t1Start       : 0.00000
t1End         : 4.50000
t2Start       : 0.00000
t2End         : 4.50000
tAvgIndex     : 2.25000

