Iteration : 2
Average   : -0.11847
Max Val   : -0.11821
Min Val   : -0.11874
Start     : 3.95000
Finish    : 4.50000
Gradient  : -0.00098
Grad Label: cons  

