Iteration : 1
Average   : 0.00005
Max Val   : 0.00084
Min Val   : -0.00074
Start     : 0.00000
Finish    : 4.50000
Gradient  : -0.00032
Grad Label: cons  

