Iteration : 1
Average   : 0.00273
Max Val   : 0.00452
Min Val   : 0.00094
Start     : 0.00000
Finish    : 4.50000
Gradient  : -0.00085
Grad Label: cons  

