Iteration : 2
Average   : -1.70180
Max Val   : -1.58820
Min Val   : -1.81540
Start     : 0.35000
Finish    : 3.02500
Gradient  : -0.08493
Grad Label: cons  

Iteration : 3
Average   : -1.68464
Max Val   : -1.61652
Min Val   : -1.75275
Start     : 3.02500
Finish    : 4.50000
Gradient  : 0.10119
Grad Label: cons  

