Iteration : 2
Average   : -0.09237
Max Val   : -0.08105
Min Val   : -0.10368
Start     : 1.50000
Finish    : 3.15000
Gradient  : -0.01372
Grad Label: cons  

Iteration : 3
Average   : -0.10182
Max Val   : -0.09955
Min Val   : -0.10408
Start     : 3.15000
Finish    : 4.50000
Gradient  : -0.00372
Grad Label: cons  

