Iteration : 2
Average   : 2.18880
Max Val   : 2.31980
Min Val   : 2.05781
Start     : 0.42500
Finish    : 4.50000
Gradient  : 0.06381
Grad Label: cons  

