Iteration : 2
Average   : -1.70163
Max Val   : -1.58492
Min Val   : -1.81834
Start     : 0.32500
Finish    : 3.07500
Gradient  : -0.08488
Grad Label: cons  

Iteration : 3
Average   : -1.66974
Max Val   : -1.37983
Min Val   : -1.95965
Start     : 3.07500
Finish    : 3.32500
Gradient  : 2.31931
Grad Label: spos  

Iteration : 4
Average   : 4.24380
Max Val   : 10.22770
Min Val   : -1.74011
Start     : 3.32500
Finish    : 3.41500
Gradient  : 138.09847
Grad Label: pimp  

