Iteration : 2
Average   : 0.13129
Max Val   : 0.37850
Min Val   : -0.11593
Start     : 3.32500
Finish    : 3.41500
Gradient  : 5.65323
Grad Label: bpos  

