Iteration : 2
Average   : -0.04454
Max Val   : -0.01598
Min Val   : -0.07311
Start     : 3.32500
Finish    : 3.37500
Gradient  : -1.14245
Grad Label: sneg  

Iteration : 3
Average   : -0.08490
Max Val   : -0.05335
Min Val   : -0.11645
Start     : 3.37500
Finish    : 3.41500
Gradient  : -0.49097
Grad Label: sneg  

