Iteration : 2
Average   : 0.00035
Max Val   : 0.00202
Min Val   : -0.00132
Start     : 3.35000
Finish    : 3.37500
Gradient  : 0.13340
Grad Label: spos  

Iteration : 3
Average   : 0.00058
Max Val   : 0.00592
Min Val   : -0.00476
Start     : 3.37500
Finish    : 3.41500
Gradient  : -0.11750
Grad Label: sneg  

