Iteration : 2
Average   : -0.03502
Max Val   : -0.02726
Min Val   : -0.04277
Start     : 3.92500
Finish    : 3.95000
Gradient  : 0.62028
Grad Label: spos  

Iteration : 3
Average   : -0.02906
Max Val   : -0.01712
Min Val   : -0.04099
Start     : 3.95000
Finish    : 3.97500
Gradient  : 0.95503
Grad Label: spos  

Iteration : 4
Average   : 0.01284
Max Val   : 0.06281
Min Val   : -0.03713
Start     : 3.97500
Finish    : 4.00500
Gradient  : 2.14765
Grad Label: spos  

