Iteration : 2
Average   : 2.14431
Max Val   : 2.19691
Min Val   : 2.09170
Start     : 0.45000
Finish    : 3.95000
Gradient  : 0.03006
Grad Label: cons  

Iteration : 3
Average   : 0.01943
Max Val   : 0.98393
Min Val   : -0.94508
Start     : 3.95000
Finish    : 3.97500
Gradient  : -77.16070
Grad Label: nimp  

Iteration : 4
Average   : -2.70013
Max Val   : -1.34401
Min Val   : -4.05626
Start     : 3.97500
Finish    : 4.00500
Gradient  : -83.77821
Grad Label: nimp  

