Iteration : 2
Average   : -0.00216
Max Val   : -0.00189
Min Val   : -0.00243
Start     : 3.40000
Finish    : 3.90000
Gradient  : -0.00107
Grad Label: cons  

Iteration : 3
Average   : 0.00623
Max Val   : 0.04736
Min Val   : -0.03489
Start     : 3.90000
Finish    : 3.92500
Gradient  : 3.29020
Grad Label: mpos  

Iteration : 4
Average   : 0.26158
Max Val   : 0.50698
Min Val   : 0.01619
Start     : 3.92500
Finish    : 4.00500
Gradient  : 6.23342
Grad Label: bpos  

