Iteration : 2
Average   : 0.27120
Max Val   : 0.64164
Min Val   : -0.09924
Start     : 3.92500
Finish    : 4.00500
Gradient  : 9.36696
Grad Label: pimp  

