Iteration : 2
Average   : -0.03021
Max Val   : -0.02908
Min Val   : -0.03134
Start     : 3.32500
Finish    : 3.40000
Gradient  : -0.03015
Grad Label: cons  

Iteration : 3
Average   : 0.03815
Max Val   : 0.15762
Min Val   : -0.08131
Start     : 3.40000
Finish    : 3.45000
Gradient  : 4.71139
Grad Label: bpos  

