Iteration     : 1
CompLabel     : CT
averageVal1   : -0.41275
averageVal2   : -0.41275
AVG_MAG_VAL   : -0.41275
rmsVal1       : 10.51240
rmsVal2       : 10.51240
AVG_RMS_Val   : 10.51240
amplitudeVal1 : 13.48918
amplitudeVal2 : 13.48918
AVG_AMP_VAL   : 13.48918
Label 1       : pc
Label 2       : z
t1Start       : 0.00000
t1End         : 3.72500
t2Start       : 3.72500
t2End         : 3.81500
tAvgIndex     : 1.90750

