Iteration     : 1
CompLabel     : CT
averageVal1   : 0.07837
averageVal2   : 0.07837
AVG_MAG_VAL   : 0.07837
rmsVal1       : 0.62201
rmsVal2       : 0.62201
AVG_RMS_Val   : 0.62201
amplitudeVal1 : 0.73909
amplitudeVal2 : 0.73909
AVG_AMP_VAL   : 0.73909
Label 1       : pc
Label 2       : z
t1Start       : 0.00000
t1End         : 3.75000
t2Start       : 3.75000
t2End         : 3.81500
tAvgIndex     : 1.90750

