Iteration     : 1
CompLabel     : FX
averageVal1   : -0.00028
averageVal2   : -0.01466
AVG_MAG_VAL   : -0.01418
rmsVal1       : 0.00498
rmsVal2       : 0.00498
AVG_RMS_Val   : 0.01895
amplitudeVal1 : 0.01787
amplitudeVal2 : 0.02728
AVG_AMP_VAL   : 0.03687
Label 1       : a
Label 2       : a
t1Start       : 0.00000
t1End         : 3.42500
t2Start       : 3.42500
t2End         : 3.60000
tAvgIndex     : 1.80000

