Iteration     : 1
CompLabel     : FX
averageVal1   : 0.00046
averageVal2   : 0.13824
AVG_MAG_VAL   : 0.08962
rmsVal1       : 0.00066
rmsVal2       : 0.00066
AVG_RMS_Val   : 0.23765
amplitudeVal1 : 0.04695
amplitudeVal2 : 0.19882
AVG_AMP_VAL   : 0.19882
Label 1       : a
Label 2       : a
t1Start       : 0.00000
t1End         : 3.52500
t2Start       : 3.52500
t2End         : 3.60000
tAvgIndex     : 1.80000

