Iteration     : 1
CompLabel     : FX
averageVal1   : 3.14904
averageVal2   : -2.05227
AVG_MAG_VAL   : 0.79457
rmsVal1       : 2.18897
rmsVal2       : 2.18897
AVG_RMS_Val   : 2.18897
amplitudeVal1 : 4.26259
amplitudeVal2 : 1.43087
AVG_AMP_VAL   : 4.26259
Label 1       : a
Label 2       : a
t1Start       : 0.00000
t1End         : 3.32500
t2Start       : 3.32500
t2End         : 3.47500
tAvgIndex     : 1.73750

