Iteration     : 1
CompLabel     : FX
averageVal1   : -0.10948
averageVal2   : 0.22591
AVG_MAG_VAL   : 0.05822
rmsVal1       : -0.10015
rmsVal2       : -0.10015
AVG_RMS_Val   : 0.35993
amplitudeVal1 : 0.43901
amplitudeVal2 : 0.41110
AVG_AMP_VAL   : 0.43901
Label 1       : a
Label 2       : a
t1Start       : 0.00000
t1End         : 3.32500
t2Start       : 3.32500
t2End         : 3.47500
tAvgIndex     : 1.73750

