Iteration     : 1
CompLabel     : FX
averageVal1   : -0.11609
averageVal2   : 0.21663
AVG_MAG_VAL   : 0.08901
rmsVal1       : -0.04714
rmsVal2       : -0.04714
AVG_RMS_Val   : 0.82102
amplitudeVal1 : 0.68865
amplitudeVal2 : 1.73132
AVG_AMP_VAL   : 1.73132
Label 1       : a
Label 2       : a
t1Start       : 0.00000
t1End         : 3.32500
t2Start       : 3.32500
t2End         : 3.47500
tAvgIndex     : 1.73750

