Iteration     : 1
CompLabel     : FX
averageVal1   : -0.01354
averageVal2   : -0.01620
AVG_MAG_VAL   : -0.01487
rmsVal1       : 0.00445
rmsVal2       : 0.00445
AVG_RMS_Val   : 0.00526
amplitudeVal1 : 0.02534
amplitudeVal2 : 0.03358
AVG_AMP_VAL   : 0.03358
Label 1       : a
Label 2       : a
t1Start       : 0.00000
t1End         : 3.42500
t2Start       : 3.42500
t2End         : 3.47500
tAvgIndex     : 1.73750

