Iteration     : 1
CompLabel     : FX
averageVal1   : -0.12151
averageVal2   : 0.29488
AVG_MAG_VAL   : 0.22416
rmsVal1       : -0.07401
rmsVal2       : -0.07401
AVG_RMS_Val   : 0.68390
amplitudeVal1 : 0.42199
amplitudeVal2 : 0.77804
AVG_AMP_VAL   : 0.92356
Label 1       : a
Label 2       : a
t1Start       : 0.00000
t1End         : 3.40000
t2Start       : 3.40000
t2End         : 3.45500
tAvgIndex     : 1.72750

