Iteration     : 1
CompLabel     : CT
averageVal1   : 1.02539
averageVal2   : 1.02539
AVG_MAG_VAL   : 1.02539
rmsVal1       : 10.63830
rmsVal2       : 10.63830
AVG_RMS_Val   : 10.63830
amplitudeVal1 : 12.62453
amplitudeVal2 : 12.62453
AVG_AMP_VAL   : 12.62453
Label 1       : pc
Label 2       : z
t1Start       : 0.00000
t1End         : 3.77500
t2Start       : 3.77500
t2End         : 3.82500
tAvgIndex     : 1.91250

