Iteration     : 1
CompLabel     : CT
averageVal1   : 0.06241
averageVal2   : 0.06241
AVG_MAG_VAL   : 0.06241
rmsVal1       : 0.58945
rmsVal2       : 0.58945
AVG_RMS_Val   : 0.58945
amplitudeVal1 : 0.71029
amplitudeVal2 : 0.71029
AVG_AMP_VAL   : 0.71029
Label 1       : pc
Label 2       : z
t1Start       : 0.00000
t1End         : 3.77500
t2Start       : 3.77500
t2End         : 3.82500
tAvgIndex     : 1.91250

