Iteration     : 1
CompLabel     : CT
averageVal1   : 0.59336
averageVal2   : 0.59336
AVG_MAG_VAL   : 0.59336
rmsVal1       : 2.26929
rmsVal2       : 2.26929
AVG_RMS_Val   : 2.26929
amplitudeVal1 : 6.36170
amplitudeVal2 : 6.36170
AVG_AMP_VAL   : 6.36170
Label 1       : nc
Label 2       : z
t1Start       : 0.00000
t1End         : 3.77500
t2Start       : 3.77500
t2End         : 3.82500
tAvgIndex     : 1.91250

