Iteration     : 1
CompLabel     : CT
averageVal1   : -0.08972
averageVal2   : -0.08972
AVG_MAG_VAL   : -0.08972
rmsVal1       : 0.00212
rmsVal2       : 0.00212
AVG_RMS_Val   : 0.00212
amplitudeVal1 : 0.35996
amplitudeVal2 : 0.35996
AVG_AMP_VAL   : 0.35996
Label 1       : nc
Label 2       : z
t1Start       : 0.00000
t1End         : 3.77500
t2Start       : 3.77500
t2End         : 3.82500
tAvgIndex     : 1.91250

