Iteration     : 1
CompLabel     : CT
averageVal1   : 1.13156
averageVal2   : 1.13156
AVG_MAG_VAL   : 1.13156
rmsVal1       : 4.72222
rmsVal2       : 4.72222
AVG_RMS_Val   : 4.72222
amplitudeVal1 : 4.87157
amplitudeVal2 : 4.87157
AVG_AMP_VAL   : 4.87157
Label 1       : pc
Label 2       : z
t1Start       : 0.00000
t1End         : 3.77500
t2Start       : 3.77500
t2End         : 3.82500
tAvgIndex     : 1.91250

