Iteration     : 1
CompLabel     : FX
averageVal1   : -0.13179
averageVal2   : 0.41437
AVG_MAG_VAL   : 0.14129
rmsVal1       : -0.06955
rmsVal2       : -0.06955
AVG_RMS_Val   : 1.41004
amplitudeVal1 : 1.10380
amplitudeVal2 : 1.97140
AVG_AMP_VAL   : 1.97140
Label 1       : a
Label 2       : a
t1Start       : 0.00000
t1End         : 3.32500
t2Start       : 3.32500
t2End         : 3.46000
tAvgIndex     : 1.73000

