Iteration     : 1
CompLabel     : FX
averageVal1   : 0.00023
averageVal2   : 0.00013
AVG_MAG_VAL   : 0.03346
rmsVal1       : 0.00075
rmsVal2       : 0.00075
AVG_RMS_Val   : 0.19367
amplitudeVal1 : 0.17047
amplitudeVal2 : 0.14759
AVG_AMP_VAL   : 0.17492
Label 1       : bpos
Label 2       : bpos
t1Start       : 0.00000
t1End         : 5.22500
t2Start       : 5.22500
t2End         : 5.83000
tAvgIndex     : 2.91500

