Iteration     : 1
CompLabel     : FX
averageVal1   : -2.46587
averageVal2   : -2.46587
AVG_MAG_VAL   : -2.46587
rmsVal1       : -1.55957
rmsVal2       : -1.55957
AVG_RMS_Val   : -1.55957
amplitudeVal1 : 0.25518
amplitudeVal2 : 0.25518
AVG_AMP_VAL   : 0.25518
Label 1       : k
Label 2       : k
t1Start       : 0.00000
t1End         : 4.49500
t2Start       : 0.00000
t2End         : 4.49500
tAvgIndex     : 2.24750

