Iteration     : 1
CompLabel     : FX
averageVal1   : 2.11376
averageVal2   : 2.11376
AVG_MAG_VAL   : 2.11376
rmsVal1       : 2.28616
rmsVal2       : 2.28616
AVG_RMS_Val   : 2.28616
amplitudeVal1 : 0.23297
amplitudeVal2 : 0.23297
AVG_AMP_VAL   : 0.23297
Label 1       : k
Label 2       : k
t1Start       : 0.00000
t1End         : 4.49500
t2Start       : 0.00000
t2End         : 4.49500
tAvgIndex     : 2.24750

