Iteration     : 1
CompLabel     : FX
averageVal1   : -0.00577
averageVal2   : -0.00577
AVG_MAG_VAL   : -0.00577
rmsVal1       : 0.00498
rmsVal2       : 0.00498
AVG_RMS_Val   : 0.00498
amplitudeVal1 : 0.03130
amplitudeVal2 : 0.03130
AVG_AMP_VAL   : 0.03130
Label 1       : k
Label 2       : k
t1Start       : 0.00000
t1End         : 4.49500
t2Start       : 0.00000
t2End         : 4.49500
tAvgIndex     : 2.24750

