Iteration     : 1
CompLabel     : a
averageVal1   : 0.00323
averageVal2   : -0.00986
AVG_MAG_VAL   : -0.01033
rmsVal1       : 0.00581
rmsVal2       : 0.01017
AVG_RMS_Val   : 0.01034
amplitudeVal1 : 0.00573
amplitudeVal2 : 0.00000
AVG_AMP_VAL   : 0.00489
Label 1       : bpos
Label 2       : bpos
t1Start       : 0.00000
t1End         : 9.67500
t2Start       : 9.67500
t2End         : 10.07000
tAvgIndex     : 5.03500

