Iteration     : 1
CompLabel     : CT
averageVal1   : 1.89168
averageVal2   : 1.89168
AVG_MAG_VAL   : 1.89168
rmsVal1       : 10.50130
rmsVal2       : 10.50130
AVG_RMS_Val   : 10.50130
amplitudeVal1 : 12.31778
amplitudeVal2 : 12.31778
AVG_AMP_VAL   : 12.31778
Label 1       : pc
Label 2       : z
t1Start       : 0.00000
t1End         : 3.85000
t2Start       : 3.85000
t2End         : 3.95500
tAvgIndex     : 1.97750

