Iteration     : 1
CompLabel     : FX
averageVal1   : -0.10436
averageVal2   : -0.10436
AVG_MAG_VAL   : -0.10436
rmsVal1       : -0.02183
rmsVal2       : -0.02183
AVG_RMS_Val   : -0.02183
amplitudeVal1 : 0.08303
amplitudeVal2 : 0.08303
AVG_AMP_VAL   : 0.08303
Label 1       : k
Label 2       : k
t1Start       : 0.00000
t1End         : 4.50500
t2Start       : 0.00000
t2End         : 4.50500
tAvgIndex     : 2.25250

