Iteration     : 1
CompLabel     : FX
averageVal1   : 0.00007
averageVal2   : 0.00007
AVG_MAG_VAL   : 0.00007
rmsVal1       : 0.00082
rmsVal2       : 0.00082
AVG_RMS_Val   : 0.00082
amplitudeVal1 : 0.00151
amplitudeVal2 : 0.00151
AVG_AMP_VAL   : 0.00151
Label 1       : k
Label 2       : k
t1Start       : 0.00000
t1End         : 4.50500
t2Start       : 0.00000
t2End         : 4.50500
tAvgIndex     : 2.25250

