Iteration     : 1
CompLabel     : a
averageVal1   : -0.05845
averageVal2   : 0.37125
AVG_MAG_VAL   : 0.01677
rmsVal1       : -0.02340
rmsVal2       : -0.02340
AVG_RMS_Val   : 0.70637
amplitudeVal1 : 0.07729
amplitudeVal2 : 0.09081
AVG_AMP_VAL   : 0.24939
Label 1       : bpos
Label 2       : bpos
t1Start       : 0.00000
t1End         : 0.15000
t2Start       : 0.15000
t2End         : 6.52500
tAvgIndex     : 3.26250

