Iteration     : 1
CompLabel     : CT
averageVal1   : 1.49984
averageVal2   : 1.49984
AVG_MAG_VAL   : 1.49984
rmsVal1       : 9.73092
rmsVal2       : 9.73092
AVG_RMS_Val   : 9.73092
amplitudeVal1 : 2.50471
amplitudeVal2 : 2.50471
AVG_AMP_VAL   : 2.50471
Label 1       : pc
Label 2       : z
t1Start       : 0.00000
t1End         : 3.45500
t2Start       : 3.32500
t2End         : 3.45500
tAvgIndex     : 1.72750

