Iteration     : 1
CompLabel     : FX
averageVal1   : -0.12402
averageVal2   : -0.14712
AVG_MAG_VAL   : 0.01401
rmsVal1       : -0.05387
rmsVal2       : -0.05387
AVG_RMS_Val   : 0.91540
amplitudeVal1 : 0.75750
amplitudeVal2 : 1.74895
AVG_AMP_VAL   : 1.74895
Label 1       : a
Label 2       : a
t1Start       : 0.00000
t1End         : 3.30000
t2Start       : 3.30000
t2End         : 3.45500
tAvgIndex     : 1.72750

