Iteration     : 1
CompLabel     : a
averageVal1   : -0.01956
averageVal2   : 0.01521
AVG_MAG_VAL   : 0.00788
rmsVal1       : -0.01956
rmsVal2       : 0.01521
AVG_RMS_Val   : 0.00754
amplitudeVal1 : 0.00305
amplitudeVal2 : 0.05364
AVG_AMP_VAL   : 0.03303
Label 1       : bpos
Label 2       : bpos
t1Start       : 0.00000
t1End         : 4.07500
t2Start       : 4.07500
t2End         : 9.12500
tAvgIndex     : 4.56250

Iteration     : 2
CompLabel     : pc
averageVal1   : -0.04521
averageVal2   : -0.04521
AVG_MAG_VAL   : -0.04521
rmsVal1       : -0.04521
rmsVal2       : -0.04521
AVG_RMS_Val   : -0.04521
amplitudeVal1 : 0.17912
amplitudeVal2 : 0.17912
AVG_AMP_VAL   : 0.17912
Label 1       : bpos
Label 2       : none
t1Start       : 9.12500
t1End         : 9.17500
t2Start       : 9.17500
t2End         : 9.32500
tAvgIndex     : 9.22500

Iteration     : 3
CompLabel     : k
averageVal1   : 0.04092
averageVal2   : 0.04092
AVG_MAG_VAL   : 0.04092
rmsVal1       : 0.04092
rmsVal2       : 0.04092
AVG_RMS_Val   : 0.04092
amplitudeVal1 : 0.00100
amplitudeVal2 : 0.00100
AVG_AMP_VAL   : 0.00100
Label 1       : mpos
Label 2       : none
t1Start       : 9.32500
t1End         : 9.35000
t2Start       : 9.35000
t2End         : 9.37500
tAvgIndex     : 9.35000

Iteration     : 4
CompLabel     : a
averageVal1   : 0.05070
averageVal2   : 0.02231
AVG_MAG_VAL   : 0.03650
rmsVal1       : 0.05070
rmsVal2       : 0.02939
AVG_RMS_Val   : 0.03574
amplitudeVal1 : 0.01922
amplitudeVal2 : 0.00842
AVG_AMP_VAL   : 0.01382
Label 1       : bpos
Label 2       : bpos
t1Start       : 9.37500
t1End         : 9.52500
t2Start       : 9.52500
t2End         : 10.06500
tAvgIndex     : 9.72000

