Iteration     : 1
CompLabel     : a
averageVal1   : 0.48206
averageVal2   : -0.05377
AVG_MAG_VAL   : 0.13689
rmsVal1       : 0.48206
rmsVal2       : 0.37775
AVG_RMS_Val   : 0.25325
amplitudeVal1 : 0.19297
amplitudeVal2 : 0.11430
AVG_AMP_VAL   : 0.16452
Label 1       : bpos
Label 2       : bpos
t1Start       : 0.00000
t1End         : 4.87500
t2Start       : 4.87500
t2End         : 5.27500
tAvgIndex     : 2.63750

Iteration     : 2
CompLabel     : k
averageVal1   : 0.22503
averageVal2   : 0.22503
AVG_MAG_VAL   : 0.22503
rmsVal1       : 0.22503
rmsVal2       : 0.22503
AVG_RMS_Val   : 0.22503
amplitudeVal1 : 1.73635
amplitudeVal2 : 1.73635
AVG_AMP_VAL   : 1.73635
Label 1       : mpos
Label 2       : none
t1Start       : 5.27500
t1End         : 5.30000
t2Start       : 5.30000
t2End         : 5.32500
tAvgIndex     : 5.30000

Iteration     : 3
CompLabel     : pc
averageVal1   : 0.54925
averageVal2   : 0.01033
AVG_MAG_VAL   : 0.16897
rmsVal1       : 0.64600
rmsVal2       : 0.01033
AVG_RMS_Val   : 0.14778
amplitudeVal1 : 0.32648
amplitudeVal2 : 0.41979
AVG_AMP_VAL   : 0.30037
Label 1       : mneg
Label 2       : mneg
t1Start       : 5.32500
t1End         : 6.02500
t2Start       : 6.02500
t2End         : 6.75000
tAvgIndex     : 6.03750

Iteration     : 4
CompLabel     : a
averageVal1   : -0.22640
averageVal2   : -0.22640
AVG_MAG_VAL   : -0.22640
rmsVal1       : 0.22640
rmsVal2       : 0.22640
AVG_RMS_Val   : 0.16009
amplitudeVal1 : 0.00000
amplitudeVal2 : 0.00000
AVG_AMP_VAL   : 0.00000
Label 1       : bneg
Label 2       : bneg
t1Start       : 6.75000
t1End         : 6.82000
t2Start       : 6.75000
t2End         : 6.82000
tAvgIndex     : 6.78500

