Iteration : 2
Average   : 0.14250
Max Val   : 0.40273
Min Val   : -0.11773
Start     : 3.47500
Finish    : 3.57500
Gradient  : 5.70653
Grad Label: bpos  

