Iteration : 2
Average   : -0.00487
Max Val   : -0.00256
Min Val   : -0.00719
Start     : 3.10000
Finish    : 3.47500
Gradient  : -0.01235
Grad Label: cons  

Iteration : 3
Average   : 0.01891
Max Val   : 0.04620
Min Val   : -0.00839
Start     : 3.47500
Finish    : 3.57500
Gradient  : 0.60273
Grad Label: spos  

