Iteration : 2
Average   : -0.08972
Max Val   : -0.08019
Min Val   : -0.09925
Start     : 1.52500
Finish    : 2.67500
Gradient  : -0.01658
Grad Label: cons  

Iteration : 3
Average   : -0.06371
Max Val   : -0.04197
Min Val   : -0.08545
Start     : 2.67500
Finish    : 3.47500
Gradient  : 0.05435
Grad Label: cons  

Iteration : 4
Average   : -0.70039
Max Val   : -0.02832
Min Val   : -1.37245
Start     : 3.47500
Finish    : 3.57500
Gradient  : -14.48530
Grad Label: sneg  

