Iteration : 2
Average   : -1.70149
Max Val   : -1.58625
Min Val   : -1.81673
Start     : 0.32500
Finish    : 3.05000
Gradient  : -0.08458
Grad Label: cons  

Iteration : 3
Average   : -1.68601
Max Val   : -1.49885
Min Val   : -1.87317
Start     : 3.05000
Finish    : 3.47500
Gradient  : 0.88075
Grad Label: cons  

Iteration : 4
Average   : 4.33391
Max Val   : 10.38520
Min Val   : -1.71737
Start     : 3.47500
Finish    : 3.57500
Gradient  : 132.18401
Grad Label: pimp  

