Iteration : 2
Average   : 0.10384
Max Val   : 0.20755
Min Val   : 0.00012
Start     : 3.47500
Finish    : 3.57500
Gradient  : 2.26495
Grad Label: spos  

