Iteration : 2
Average   : 2.13565
Max Val   : 2.19377
Min Val   : 2.07754
Start     : 0.45000
Finish    : 3.47500
Gradient  : 0.03842
Grad Label: cons  

Iteration : 3
Average   : -0.65522
Max Val   : 2.19977
Min Val   : -3.51021
Start     : 3.47500
Finish    : 3.57500
Gradient  : -63.43530
Grad Label: bneg  

