Iteration     : 1
CompLabel     : FX
averageVal1   : -0.13089
averageVal2   : 0.48515
AVG_MAG_VAL   : 0.17713
rmsVal1       : -0.06674
rmsVal2       : -0.06674
AVG_RMS_Val   : 0.98472
amplitudeVal1 : 0.77907
amplitudeVal2 : 1.08365
AVG_AMP_VAL   : 1.08365
Label 1       : a
Label 2       : a
t1Start       : 0.00000
t1End         : 3.32500
t2Start       : 3.32500
t2End         : 3.46500
tAvgIndex     : 1.73250

