Iteration     : 1
CompLabel     : FX
averageVal1   : 0.00274
averageVal2   : -0.00264
AVG_MAG_VAL   : 0.00214
rmsVal1       : 0.00450
rmsVal2       : 0.00450
AVG_RMS_Val   : 0.01361
amplitudeVal1 : 0.00710
amplitudeVal2 : 0.01948
AVG_AMP_VAL   : 0.01948
Label 1       : a
Label 2       : a
t1Start       : 0.00000
t1End         : 3.35000
t2Start       : 3.35000
t2End         : 3.46500
tAvgIndex     : 1.73250

