Iteration     : 1
CompLabel     : CT
averageVal1   : 1.12917
averageVal2   : 1.12917
AVG_MAG_VAL   : 1.12917
rmsVal1       : 9.59882
rmsVal2       : 9.59882
AVG_RMS_Val   : 9.59882
amplitudeVal1 : 11.46357
amplitudeVal2 : 11.46357
AVG_AMP_VAL   : 11.46357
Label 1       : pc
Label 2       : z
t1Start       : 0.00000
t1End         : 3.32500
t2Start       : 3.32500
t2End         : 3.46500
tAvgIndex     : 1.73250

