Iteration     : 1
CompLabel     : CT
averageVal1   : 0.06780
averageVal2   : 0.06780
AVG_MAG_VAL   : 0.06780
rmsVal1       : 0.61381
rmsVal2       : 0.61381
AVG_RMS_Val   : 0.61381
amplitudeVal1 : 0.73527
amplitudeVal2 : 0.73527
AVG_AMP_VAL   : 0.73527
Label 1       : pc
Label 2       : z
t1Start       : 0.00000
t1End         : 3.87500
t2Start       : 3.87500
t2End         : 3.96000
tAvgIndex     : 1.98000

