Iteration     : 1
CompLabel     : CT
averageVal1   : 0.87170
averageVal2   : 0.87170
AVG_MAG_VAL   : 0.87170
rmsVal1       : 10.06110
rmsVal2       : 10.06110
AVG_RMS_Val   : 10.06110
amplitudeVal1 : 11.88472
amplitudeVal2 : 11.88472
AVG_AMP_VAL   : 11.88472
Label 1       : pc
Label 2       : z
t1Start       : 0.00000
t1End         : 3.87500
t2Start       : 3.87500
t2End         : 3.96000
tAvgIndex     : 1.98000

