Iteration     : 1
CompLabel     : CT
averageVal1   : 0.70388
averageVal2   : 0.70388
AVG_MAG_VAL   : 0.70388
rmsVal1       : 2.30335
rmsVal2       : 2.30335
AVG_RMS_Val   : 2.30335
amplitudeVal1 : 6.00244
amplitudeVal2 : 6.00244
AVG_AMP_VAL   : 6.00244
Label 1       : nc
Label 2       : z
t1Start       : 0.00000
t1End         : 3.87500
t2Start       : 3.87500
t2End         : 3.96000
tAvgIndex     : 1.98000

