Iteration     : 1
CompLabel     : FX
averageVal1   : 2.10027
averageVal2   : 0.36030
AVG_MAG_VAL   : 0.85695
rmsVal1       : 2.21251
rmsVal2       : 2.21251
AVG_RMS_Val   : 2.21251
amplitudeVal1 : 2.37306
amplitudeVal2 : 0.63975
AVG_AMP_VAL   : 2.37306
Label 1       : a
Label 2       : a
t1Start       : 0.00000
t1End         : 4.17500
t2Start       : 4.17500
t2End         : 4.29500
tAvgIndex     : 2.14750

