Iteration : 2
Average   : -0.11270
Max Val   : -0.10639
Min Val   : -0.11901
Start     : 0.90000
Finish    : 3.02500
Gradient  : -0.00594
Grad Label: cons  

Iteration : 3
Average   : -0.11116
Max Val   : -0.09352
Min Val   : -0.12881
Start     : 3.02500
Finish    : 3.67500
Gradient  : 0.05428
Grad Label: cons  

Iteration : 4
Average   : 0.19016
Max Val   : 0.49758
Min Val   : -0.11726
Start     : 3.67500
Finish    : 3.74000
Gradient  : 9.06311
Grad Label: pimp  

