Iteration : 2
Average   : -1.70536
Max Val   : -1.59827
Min Val   : -1.81245
Start     : 0.17500
Finish    : 3.10000
Gradient  : -0.07322
Grad Label: cons  

Iteration : 3
Average   : -1.60330
Max Val   : -1.18349
Min Val   : -2.02311
Start     : 3.10000
Finish    : 3.67500
Gradient  : 1.46022
Grad Label: spos  

Iteration : 4
Average   : 4.32933
Max Val   : 10.36320
Min Val   : -1.70455
Start     : 3.67500
Finish    : 3.74000
Gradient  : 177.84043
Grad Label: pimp  

