Iteration : 2
Average   : -0.01968
Max Val   : 0.00189
Min Val   : -0.04125
Start     : 3.67500
Finish    : 3.74000
Gradient  : -0.61769
Grad Label: sneg  

