Iteration : 2
Average   : -0.18733
Max Val   : 0.00078
Min Val   : -0.37545
Start     : 3.67500
Finish    : 3.74000
Gradient  : -5.55647
Grad Label: bneg  

