Iteration : 2
Average   : 2.06467
Max Val   : 2.06706
Min Val   : 2.06228
Start     : 0.15000
Finish    : 0.37500
Gradient  : -0.02125
Grad Label: cons  

Iteration : 3
Average   : 2.13864
Max Val   : 2.19196
Min Val   : 2.08532
Start     : 0.37500
Finish    : 3.67500
Gradient  : 0.03231
Grad Label: cons  

Iteration : 4
Average   : -0.59391
Max Val   : 2.26544
Min Val   : -3.45325
Start     : 3.67500
Finish    : 3.74000
Gradient  : -84.19343
Grad Label: nimp  

