Iteration : 2
Average   : -1.50208
Max Val   : -1.44071
Min Val   : -1.56345
Start     : 0.15000
Finish    : 0.32500
Gradient  : -0.70136
Grad Label: cons  

Iteration : 3
Average   : -1.69886
Max Val   : -1.58117
Min Val   : -1.81656
Start     : 0.32500
Finish    : 3.05000
Gradient  : -0.08638
Grad Label: cons  

Iteration : 4
Average   : -1.68911
Max Val   : -1.62575
Min Val   : -1.75246
Start     : 3.05000
Finish    : 4.50500
Gradient  : 0.09521
Grad Label: cons  

