Iteration : 2
Average   : -0.09673
Max Val   : -0.09278
Min Val   : -0.10069
Start     : 0.15000
Finish    : 0.45000
Gradient  : -0.02636
Grad Label: cons  

Iteration : 3
Average   : -0.11114
Max Val   : -0.10180
Min Val   : -0.12049
Start     : 0.45000
Finish    : 3.35000
Gradient  : -0.00644
Grad Label: cons  

Iteration : 4
Average   : -0.11763
Max Val   : -0.11701
Min Val   : -0.11824
Start     : 3.35000
Finish    : 4.50500
Gradient  : -0.00113
Grad Label: cons  

