Iteration : 2
Average   : 1.96733
Max Val   : 2.04250
Min Val   : 1.89215
Start     : 0.15000
Finish    : 0.30000
Gradient  : 1.00230
Grad Label: spos  

Iteration : 3
Average   : 2.17125
Max Val   : 2.30962
Min Val   : 2.03288
Start     : 0.30000
Finish    : 4.50500
Gradient  : 0.06164
Grad Label: cons  

