Iteration : 1
Average   : 0.00007
Max Val   : 0.00082
Min Val   : -0.00069
Start     : 0.00000
Finish    : 4.50500
Gradient  : -0.00031
Grad Label: cons  

