Iteration : 2
Average   : 0.00221
Max Val   : 0.00349
Min Val   : 0.00094
Start     : 1.02500
Finish    : 4.50500
Gradient  : -0.00061
Grad Label: cons  

