Iteration     : 1
CompLabel     : CT
averageVal1   : 0.68669
averageVal2   : 0.68669
AVG_MAG_VAL   : 0.68669
rmsVal1       : 2.20111
rmsVal2       : 2.20111
AVG_RMS_Val   : 2.20111
amplitudeVal1 : 5.83687
amplitudeVal2 : 5.83687
AVG_AMP_VAL   : 5.83687
Label 1       : nc
Label 2       : z
t1Start       : 0.00000
t1End         : 3.15000
t2Start       : 3.15000
t2End         : 3.23000
tAvgIndex     : 1.61500

