Iteration     : 1
CompLabel     : FX
averageVal1   : -0.12556
averageVal2   : 0.81422
AVG_MAG_VAL   : 0.44344
rmsVal1       : -0.01443
rmsVal2       : -0.01443
AVG_RMS_Val   : 1.03159
amplitudeVal1 : 0.69286
amplitudeVal2 : 0.43475
AVG_AMP_VAL   : 1.13917
Label 1       : a
Label 2       : a
t1Start       : 0.00000
t1End         : 3.17500
t2Start       : 3.17500
t2End         : 3.23000
tAvgIndex     : 1.61500

