Iteration     : 1
CompLabel     : FX
averageVal1   : -0.10860
averageVal2   : 0.13771
AVG_MAG_VAL   : 0.01455
rmsVal1       : -0.09881
rmsVal2       : -0.09881
AVG_RMS_Val   : 0.39195
amplitudeVal1 : 0.51034
amplitudeVal2 : 0.50849
AVG_AMP_VAL   : 0.51034
Label 1       : a
Label 2       : a
t1Start       : 0.00000
t1End         : 3.15000
t2Start       : 3.15000
t2End         : 3.23000
tAvgIndex     : 1.61500

