Iteration     : 1
CompLabel     : FX
averageVal1   : 0.00288
averageVal2   : 0.17640
AVG_MAG_VAL   : 0.06974
rmsVal1       : 0.00400
rmsVal2       : 0.00400
AVG_RMS_Val   : 0.82422
amplitudeVal1 : 0.08526
amplitudeVal2 : 0.21150
AVG_AMP_VAL   : 0.21150
Label 1       : bpos
Label 2       : bpos
t1Start       : 0.00000
t1End         : 4.05000
t2Start       : 4.05000
t2End         : 5.48000
tAvgIndex     : 2.74000

