Iteration     : 1
CompLabel     : FX
averageVal1   : -0.15521
averageVal2   : 0.17647
AVG_MAG_VAL   : -0.01625
rmsVal1       : 0.00802
rmsVal2       : 0.00802
AVG_RMS_Val   : 0.34552
amplitudeVal1 : 0.18992
amplitudeVal2 : 0.50195
AVG_AMP_VAL   : 0.50195
Label 1       : a
Label 2       : a
t1Start       : 0.00000
t1End         : 3.92500
t2Start       : 3.92500
t2End         : 4.20500
tAvgIndex     : 2.10250

