Iteration : 2
Average   : -0.09857
Max Val   : -0.08029
Min Val   : -0.11686
Start     : 1.52500
Finish    : 3.75000
Gradient  : -0.01644
Grad Label: cons  

Iteration : 3
Average   : 0.03619
Max Val   : 0.40403
Min Val   : -0.33165
Start     : 3.75000
Finish    : 3.77500
Gradient  : 29.42715
Grad Label: mpos  

Iteration : 4
Average   : 0.73157
Max Val   : 1.32533
Min Val   : 0.13782
Start     : 3.77500
Finish    : 3.82000
Gradient  : 4.95580
Grad Label: spos  

