Iteration : 2
Average   : 2.13691
Max Val   : 2.17823
Min Val   : 2.09559
Start     : 0.47500
Finish    : 3.77500
Gradient  : 0.02504
Grad Label: cons  

Iteration : 3
Average   : -1.16161
Max Val   : 1.95682
Min Val   : -4.28004
Start     : 3.77500
Finish    : 3.82000
Gradient  : -144.17906
Grad Label: nimp  

