Iteration : 2
Average   : -0.09784
Max Val   : 0.01926
Min Val   : -0.21493
Start     : 3.75000
Finish    : 3.77500
Gradient  : 9.36747
Grad Label: pimp  

Iteration : 3
Average   : 0.25732
Max Val   : 0.59137
Min Val   : -0.07673
Start     : 3.77500
Finish    : 3.82000
Gradient  : 14.71703
Grad Label: pimp  

