Iteration : 2
Average   : 0.00211
Max Val   : 0.03528
Min Val   : -0.03105
Start     : 3.77500
Finish    : 3.82000
Gradient  : 1.31866
Grad Label: spos  

