Iteration : 2
Average   : -0.00188
Max Val   : 0.00026
Min Val   : -0.00401
Start     : 3.67500
Finish    : 3.75000
Gradient  : -0.05698
Grad Label: cons  

Iteration : 3
Average   : -0.01523
Max Val   : 0.00605
Min Val   : -0.03651
Start     : 3.75000
Finish    : 3.77500
Gradient  : -1.70230
Grad Label: sneg  

Iteration : 4
Average   : -0.04852
Max Val   : 0.00560
Min Val   : -0.10263
Start     : 3.77500
Finish    : 3.82000
Gradient  : 1.68111
Grad Label: spos  

