Iteration : 2
Average   : -0.00711
Max Val   : -0.00267
Min Val   : -0.01155
Start     : 3.05000
Finish    : 3.65000
Gradient  : -0.01481
Grad Label: cons  

Iteration : 3
Average   : -0.00130
Max Val   : 0.00421
Min Val   : -0.00681
Start     : 3.65000
Finish    : 3.70000
Gradient  : 0.22035
Grad Label: spos  

Iteration : 4
Average   : 0.00732
Max Val   : 0.01510
Min Val   : -0.00046
Start     : 3.70000
Finish    : 3.73500
Gradient  : 0.40213
Grad Label: spos  

