Iteration : 2
Average   : 0.13799
Max Val   : 0.39427
Min Val   : -0.11830
Start     : 3.62500
Finish    : 3.73500
Gradient  : 4.65017
Grad Label: bpos  

