Iteration : 2
Average   : 2.13723
Max Val   : 2.19005
Min Val   : 2.08441
Start     : 0.47500
Finish    : 3.62500
Gradient  : 0.03353
Grad Label: cons  

Iteration : 3
Average   : -0.41556
Max Val   : 2.20234
Min Val   : -3.03346
Start     : 3.62500
Finish    : 3.73500
Gradient  : -47.10973
Grad Label: bneg  

