Iteration : 2
Average   : 0.10024
Max Val   : 0.18006
Min Val   : 0.02042
Start     : 3.62500
Finish    : 3.70000
Gradient  : 2.12853
Grad Label: spos  

Iteration : 3
Average   : 0.19844
Max Val   : 0.21606
Min Val   : 0.18081
Start     : 3.70000
Finish    : 3.73500
Gradient  : 0.37825
Grad Label: spos  

