Iteration     : 1
CompLabel     : FX
averageVal1   : 0.00240
averageVal2   : 0.00211
AVG_MAG_VAL   : 0.00226
rmsVal1       : 0.00471
rmsVal2       : 0.00471
AVG_RMS_Val   : 0.03528
amplitudeVal1 : 0.03519
amplitudeVal2 : 0.06633
AVG_AMP_VAL   : 0.06633
Label 1       : a
Label 2       : a
t1Start       : 0.00000
t1End         : 3.77500
t2Start       : 3.77500
t2End         : 3.82000
tAvgIndex     : 1.91000

