Iteration     : 1
CompLabel     : CT
averageVal1   : -0.01531
averageVal2   : -0.01531
AVG_MAG_VAL   : -0.01531
rmsVal1       : 0.59137
rmsVal2       : 0.59137
AVG_RMS_Val   : 0.59137
amplitudeVal1 : 0.80630
amplitudeVal2 : 0.80630
AVG_AMP_VAL   : 0.80630
Label 1       : pc
Label 2       : z
t1Start       : 0.00000
t1End         : 3.75000
t2Start       : 3.75000
t2End         : 3.82000
tAvgIndex     : 1.91000

