Iteration     : 1
CompLabel     : CT
averageVal1   : -0.32121
averageVal2   : -0.32121
AVG_MAG_VAL   : -0.32121
rmsVal1       : 10.96150
rmsVal2       : 10.96150
AVG_RMS_Val   : 10.96150
amplitudeVal1 : 14.39625
amplitudeVal2 : 14.39625
AVG_AMP_VAL   : 14.39625
Label 1       : pc
Label 2       : z
t1Start       : 0.00000
t1End         : 3.75000
t2Start       : 3.75000
t2End         : 3.82000
tAvgIndex     : 1.91000

