Iteration     : 1
CompLabel     : CT
averageVal1   : 0.46705
averageVal2   : 0.46705
AVG_MAG_VAL   : 0.46705
rmsVal1       : 2.17823
rmsVal2       : 2.17823
AVG_RMS_Val   : 2.17823
amplitudeVal1 : 6.45827
amplitudeVal2 : 6.45827
AVG_AMP_VAL   : 6.45827
Label 1       : nc
Label 2       : z
t1Start       : 0.00000
t1End         : 3.77500
t2Start       : 3.77500
t2End         : 3.82000
tAvgIndex     : 1.91000

