Iteration     : 1
CompLabel     : FX
averageVal1   : 0.00155
averageVal2   : 0.00058
AVG_MAG_VAL   : 0.00107
rmsVal1       : 0.00451
rmsVal2       : 0.00451
AVG_RMS_Val   : 0.00592
amplitudeVal1 : 0.01068
amplitudeVal2 : 0.01068
AVG_AMP_VAL   : 0.01068
Label 1       : a
Label 2       : a
t1Start       : 0.00000
t1End         : 3.37500
t2Start       : 3.37500
t2End         : 3.41500
tAvgIndex     : 1.70750

