Iteration     : 1
CompLabel     : FX
averageVal1   : -0.10906
averageVal2   : 0.13129
AVG_MAG_VAL   : 0.01111
rmsVal1       : -0.09920
rmsVal2       : -0.09920
AVG_RMS_Val   : 0.37850
amplitudeVal1 : 0.49743
amplitudeVal2 : 0.49443
AVG_AMP_VAL   : 0.49743
Label 1       : a
Label 2       : a
t1Start       : 0.00000
t1End         : 3.32500
t2Start       : 3.32500
t2End         : 3.41500
tAvgIndex     : 1.70750

