Iteration : 2
Average   : -0.14793
Max Val   : -0.01314
Min Val   : -0.28273
Start     : 3.70000
Finish    : 3.80000
Gradient  : -2.69591
Grad Label: mneg  

Iteration : 3
Average   : -0.29767
Max Val   : -0.25254
Min Val   : -0.34279
Start     : 3.80000
Finish    : 3.83000
Gradient  : -1.84417
Grad Label: sneg  

