Iteration : 2
Average   : 0.14498
Max Val   : 0.39887
Min Val   : -0.10892
Start     : 3.70000
Finish    : 3.80000
Gradient  : 5.07797
Grad Label: bpos  

Iteration : 3
Average   : 0.43117
Max Val   : 0.51528
Min Val   : 0.34706
Start     : 3.80000
Finish    : 3.83000
Gradient  : 3.47906
Grad Label: mpos  

