Iteration     : 1
CompLabel     : a
averageVal1   : -0.02024
averageVal2   : -0.02024
AVG_MAG_VAL   : -0.02024
rmsVal1       : -0.02024
rmsVal2       : -0.02024
AVG_RMS_Val   : -0.02024
amplitudeVal1 : 0.01199
amplitudeVal2 : 0.01199
AVG_AMP_VAL   : 0.01199
Label 1       : bneg
Label 2       : none
t1Start       : 0.00000
t1End         : 4.00000
t2Start       : 3.95000
t2End         : 4.00000
tAvgIndex     : 2.00000

Iteration     : 2
CompLabel     : nc
averageVal1   : -0.06505
averageVal2   : -0.02713
AVG_MAG_VAL   : -0.04609
rmsVal1       : 0.06656
rmsVal2       : 0.04212
AVG_RMS_Val   : 0.03939
amplitudeVal1 : 0.04648
amplitudeVal2 : 0.13205
AVG_AMP_VAL   : 0.08927
Label 1       : bpos
Label 2       : bpos
t1Start       : 4.00000
t1End         : 4.12500
t2Start       : 4.12500
t2End         : 4.20000
tAvgIndex     : 4.11250

Iteration     : 3
CompLabel     : d
averageVal1   : 0.00032
averageVal2   : 0.00032
AVG_MAG_VAL   : 0.00032
rmsVal1       : 0.00032
rmsVal2       : 0.00032
AVG_RMS_Val   : 0.00032
amplitudeVal1 : 0.02931
amplitudeVal2 : 0.02931
AVG_AMP_VAL   : 0.02931
Label 1       : spos
Label 2       : none
t1Start       : 4.20000
t1End         : 4.37500
t2Start       : 4.37500
t2End         : 5.87500
tAvgIndex     : 5.03750

Iteration     : 4
CompLabel     : a
averageVal1   : 0.09978
averageVal2   : 0.02491
AVG_MAG_VAL   : 0.02185
rmsVal1       : 0.09978
rmsVal2       : 0.02808
AVG_RMS_Val   : 0.01884
amplitudeVal1 : 0.01874
amplitudeVal2 : 0.04487
AVG_AMP_VAL   : 0.03748
Label 1       : bpos
Label 2       : bpos
t1Start       : 5.87500
t1End         : 9.57500
t2Start       : 9.57500
t2End         : 9.85000
tAvgIndex     : 7.86250

