Iteration     : 1
CompLabel     : FX
averageVal1   : 0.00069
averageVal2   : 0.17088
AVG_MAG_VAL   : 0.13514
rmsVal1       : 0.00130
rmsVal2       : 0.00130
AVG_RMS_Val   : 0.31801
amplitudeVal1 : 0.22796
amplitudeVal2 : 0.12061
AVG_AMP_VAL   : 0.28391
Label 1       : a
Label 2       : a
t1Start       : 0.00000
t1End         : 4.17500
t2Start       : 4.17500
t2End         : 4.20000
tAvgIndex     : 2.10000

