Iteration     : 1
CompLabel     : CT
averageVal1   : 1.02297
averageVal2   : 1.02297
AVG_MAG_VAL   : 1.02297
rmsVal1       : 10.24350
rmsVal2       : 10.24350
AVG_RMS_Val   : 10.24350
amplitudeVal1 : 12.07786
amplitudeVal2 : 12.07786
AVG_AMP_VAL   : 12.07786
Label 1       : pc
Label 2       : z
t1Start       : 0.00000
t1End         : 3.32500
t2Start       : 3.32500
t2End         : 3.45000
tAvgIndex     : 1.72500

