Iteration     : 1
CompLabel     : FX
averageVal1   : -0.01498
averageVal2   : 0.03815
AVG_MAG_VAL   : 0.01158
rmsVal1       : 0.00082
rmsVal2       : 0.00082
AVG_RMS_Val   : 0.15762
amplitudeVal1 : 0.18895
amplitudeVal2 : 0.23893
AVG_AMP_VAL   : 0.23893
Label 1       : a
Label 2       : a
t1Start       : 0.00000
t1End         : 3.40000
t2Start       : 3.40000
t2End         : 3.45000
tAvgIndex     : 1.72500

