Iteration     : 1
CompLabel     : FX
averageVal1   : 0.00091
averageVal2   : -0.00097
AVG_MAG_VAL   : -0.00003
rmsVal1       : 0.00467
rmsVal2       : 0.00467
AVG_RMS_Val   : 0.01059
amplitudeVal1 : 0.00980
amplitudeVal2 : 0.02085
AVG_AMP_VAL   : 0.02085
Label 1       : a
Label 2       : a
t1Start       : 0.00000
t1End         : 3.37500
t2Start       : 3.37500
t2End         : 3.45000
tAvgIndex     : 1.72500

