Iteration : 2
Average   : -0.08978
Max Val   : -0.08017
Min Val   : -0.09940
Start     : 1.52500
Finish    : 2.67500
Gradient  : -0.01673
Grad Label: cons  

Iteration : 3
Average   : -0.04130
Max Val   : -0.00275
Min Val   : -0.07985
Start     : 2.67500
Finish    : 4.15000
Gradient  : 0.05227
Grad Label: cons  

Iteration : 4
Average   : -0.02949
Max Val   : -0.02029
Min Val   : -0.03870
Start     : 4.15000
Finish    : 4.49500
Gradient  : -0.04907
Grad Label: cons  

