Iteration : 1
Average   : -0.11067
Max Val   : -0.09893
Min Val   : -0.12242
Start     : 0.00000
Finish    : 4.49500
Gradient  : -0.00577
Grad Label: cons  

