Iteration : 2
Average   : -0.00251
Max Val   : -0.00139
Min Val   : -0.00363
Start     : 3.90000
Finish    : 4.49500
Gradient  : -0.00365
Grad Label: cons  

