Iteration : 2
Average   : -0.01298
Max Val   : -0.00198
Min Val   : -0.02398
Start     : 3.05000
Finish    : 4.49500
Gradient  : -0.01675
Grad Label: cons  

