Iteration : 2
Average   : -1.70088
Max Val   : -1.58729
Min Val   : -1.81446
Start     : 0.32500
Finish    : 3.00000
Gradient  : -0.08492
Grad Label: cons  

Iteration : 3
Average   : -1.66897
Max Val   : -1.58740
Min Val   : -1.75054
Start     : 3.00000
Finish    : 4.49500
Gradient  : 0.11952
Grad Label: cons  

