Iteration : 2
Average   : 2.17595
Max Val   : 2.29114
Min Val   : 2.06075
Start     : 0.50000
Finish    : 4.49500
Gradient  : 0.05731
Grad Label: cons  

