Iteration : 2
Average   : -0.11219
Max Val   : -0.10758
Min Val   : -0.11680
Start     : 0.67500
Finish    : 3.77500
Gradient  : -0.00297
Grad Label: cons  

Iteration : 3
Average   : 0.25166
Max Val   : 0.62474
Min Val   : -0.12143
Start     : 3.77500
Finish    : 3.82500
Gradient  : 15.40206
Grad Label: pimp  

