Iteration : 2
Average   : 2.06194
Max Val   : 2.06429
Min Val   : 2.05960
Start     : 0.15000
Finish    : 0.35000
Gradient  : -0.02342
Grad Label: cons  

Iteration : 3
Average   : 2.13904
Max Val   : 2.19477
Min Val   : 2.08331
Start     : 0.35000
Finish    : 3.77500
Gradient  : 0.03254
Grad Label: cons  

Iteration : 4
Average   : -1.39614
Max Val   : 2.26070
Min Val   : -5.05297
Start     : 3.77500
Finish    : 3.82500
Gradient  : -154.53637
Grad Label: nimp  

