Iteration : 2
Average   : -0.01186
Max Val   : 0.00121
Min Val   : -0.02494
Start     : 2.97500
Finish    : 3.77500
Gradient  : -0.03269
Grad Label: cons  

Iteration : 3
Average   : -0.10924
Max Val   : -0.01991
Min Val   : -0.19856
Start     : 3.77500
Finish    : 3.82500
Gradient  : -4.09816
Grad Label: mneg  

