Iteration : 2
Average   : -0.18943
Max Val   : 0.00085
Min Val   : -0.37971
Start     : 3.77500
Finish    : 3.82500
Gradient  : -7.56535
Grad Label: nimp  

