Iteration     : 1
CompLabel     : FX
averageVal1   : -0.10918
averageVal2   : 0.18906
AVG_MAG_VAL   : 0.06995
rmsVal1       : -0.09948
rmsVal2       : -0.09948
AVG_RMS_Val   : 0.41446
amplitudeVal1 : 0.09745
amplitudeVal2 : 0.45079
AVG_AMP_VAL   : 0.45079
Label 1       : a
Label 2       : a
t1Start       : 0.00000
t1End         : 4.27500
t2Start       : 4.27500
t2End         : 4.36500
tAvgIndex     : 2.18250

