Iteration     : 1
CompLabel     : FX
averageVal1   : -0.10999
averageVal2   : 0.41632
AVG_MAG_VAL   : 0.00994
rmsVal1       : -0.10022
rmsVal2       : -0.10022
AVG_RMS_Val   : 0.44323
amplitudeVal1 : 0.23192
amplitudeVal2 : 0.05828
AVG_AMP_VAL   : 0.55888
Label 1       : a
Label 2       : a
t1Start       : 0.00000
t1End         : 3.65000
t2Start       : 3.65000
t2End         : 4.47000
tAvgIndex     : 2.23500

