Iteration : 2
Average   : 0.00106
Max Val   : 0.00286
Min Val   : -0.00075
Start     : 1.85000
Finish    : 3.22500
Gradient  : -0.00263
Grad Label: cons  

Iteration : 3
Average   : -0.00833
Max Val   : -0.00234
Min Val   : -0.01431
Start     : 3.22500
Finish    : 4.49500
Gradient  : -0.01019
Grad Label: cons  

