Iteration : 2
Average   : -1.69963
Max Val   : -1.58672
Min Val   : -1.81253
Start     : 0.15000
Finish    : 3.05000
Gradient  : -0.07787
Grad Label: cons  

Iteration : 3
Average   : -1.67332
Max Val   : -1.59964
Min Val   : -1.74701
Start     : 3.05000
Finish    : 4.49500
Gradient  : 0.11057
Grad Label: cons  

