Iteration : 2
Average   : -0.00157
Max Val   : -0.00039
Min Val   : -0.00276
Start     : 3.57500
Finish    : 4.49500
Gradient  : -0.00253
Grad Label: cons  

