Iteration : 2
Average   : 2.06199
Max Val   : 2.06543
Min Val   : 2.05855
Start     : 0.17500
Finish    : 0.55000
Gradient  : 0.01835
Grad Label: cons  

Iteration : 3
Average   : 2.18430
Max Val   : 2.30230
Min Val   : 2.06630
Start     : 0.55000
Finish    : 4.49500
Gradient  : 0.05891
Grad Label: cons  

