Iteration : 1
Average   : -0.10812
Max Val   : -0.09482
Min Val   : -0.12141
Start     : 0.00000
Finish    : 4.49500
Gradient  : -0.00542
Grad Label: cons  

