Iteration     : 1
CompLabel     : FX
averageVal1   : 2.09571
averageVal2   : 0.76700
AVG_MAG_VAL   : 1.40783
rmsVal1       : 2.20339
rmsVal2       : 2.20339
AVG_RMS_Val   : 2.41939
amplitudeVal1 : 0.15970
amplitudeVal2 : 1.93571
AVG_AMP_VAL   : 1.93571
Label 1       : a
Label 2       : a
t1Start       : 0.00000
t1End         : 3.50000
t2Start       : 3.50000
t2End         : 3.64000
tAvgIndex     : 1.82000

