Iteration     : 1
CompLabel     : FX
averageVal1   : 0.00463
averageVal2   : 0.01171
AVG_MAG_VAL   : 0.00817
rmsVal1       : 0.01034
rmsVal2       : 0.01034
AVG_RMS_Val   : 0.02842
amplitudeVal1 : 0.01966
amplitudeVal2 : 0.03344
AVG_AMP_VAL   : 0.03344
Label 1       : a
Label 2       : a
t1Start       : 0.00000
t1End         : 3.60000
t2Start       : 3.60000
t2End         : 3.64000
tAvgIndex     : 1.82000

