Iteration     : 1
CompLabel     : FX
averageVal1   : 2.09196
averageVal2   : 3.55551
AVG_MAG_VAL   : 2.65992
rmsVal1       : 2.18817
rmsVal2       : 2.18817
AVG_RMS_Val   : 3.89941
amplitudeVal1 : 0.17594
amplitudeVal2 : 0.68781
AVG_AMP_VAL   : 4.67850
Label 1       : a
Label 2       : a
t1Start       : 0.00000
t1End         : 4.42500
t2Start       : 4.42500
t2End         : 4.49500
tAvgIndex     : 2.24750

