Iteration : 2
Average   : -1.70187
Max Val   : -1.58574
Min Val   : -1.81801
Start     : 0.30000
Finish    : 3.10000
Gradient  : -0.08295
Grad Label: cons  

Iteration : 3
Average   : -1.70689
Max Val   : -1.54254
Min Val   : -1.87125
Start     : 3.10000
Finish    : 3.32500
Gradient  : 1.46094
Grad Label: spos  

Iteration : 4
Average   : 4.02153
Max Val   : 9.78422
Min Val   : -1.74116
Start     : 3.32500
Finish    : 3.44000
Gradient  : 112.97548
Grad Label: pimp  

