Iteration : 2
Average   : 0.06968
Max Val   : 0.25485
Min Val   : -0.11549
Start     : 3.32500
Finish    : 3.40000
Gradient  : 4.93790
Grad Label: bpos  

Iteration : 3
Average   : 0.29520
Max Val   : 0.34823
Min Val   : 0.24217
Start     : 3.40000
Finish    : 3.44000
Gradient  : 2.80091
Grad Label: mpos  

