Iteration : 2
Average   : -0.03578
Max Val   : -0.02019
Min Val   : -0.05136
Start     : 3.32500
Finish    : 3.37500
Gradient  : -0.62334
Grad Label: sneg  

Iteration : 3
Average   : -0.01497
Max Val   : 0.07722
Min Val   : -0.10717
Start     : 3.37500
Finish    : 3.44000
Gradient  : 2.64765
Grad Label: mpos  

