Iteration : 2
Average   : -0.00650
Max Val   : -0.00548
Min Val   : -0.00753
Start     : 3.35000
Finish    : 3.37500
Gradient  : 0.08176
Grad Label: cons  

Iteration : 3
Average   : -0.00143
Max Val   : 0.00880
Min Val   : -0.01165
Start     : 3.37500
Finish    : 3.40000
Gradient  : -0.81800
Grad Label: sneg  

Iteration : 4
Average   : -0.02934
Max Val   : -0.00607
Min Val   : -0.05260
Start     : 3.40000
Finish    : 3.44000
Gradient  : -1.16532
Grad Label: sneg  

