Iteration     : 1
CompLabel     : FX
averageVal1   : -0.10997
averageVal2   : 0.07985
AVG_MAG_VAL   : 0.14329
rmsVal1       : -0.10112
rmsVal2       : -0.10112
AVG_RMS_Val   : 0.55723
amplitudeVal1 : 0.44027
amplitudeVal2 : 0.70245
AVG_AMP_VAL   : 0.70245
Label 1       : a
Label 2       : a
t1Start       : 0.00000
t1End         : 4.10000
t2Start       : 4.10000
t2End         : 4.46000
tAvgIndex     : 2.23000

