Iteration     : 1
CompLabel     : FX
averageVal1   : -0.00060
averageVal2   : 0.21127
AVG_MAG_VAL   : 0.15800
rmsVal1       : 0.00078
rmsVal2       : 0.00078
AVG_RMS_Val   : 0.43277
amplitudeVal1 : 0.07124
amplitudeVal2 : 0.40904
AVG_AMP_VAL   : 0.40904
Label 1       : a
Label 2       : a
t1Start       : 0.00000
t1End         : 4.10000
t2Start       : 4.10000
t2End         : 4.46000
tAvgIndex     : 2.23000

