Iteration     : 1
CompLabel     : FX
averageVal1   : -0.02409
averageVal2   : -0.11103
AVG_MAG_VAL   : -0.03288
rmsVal1       : 0.00502
rmsVal2       : 0.00502
AVG_RMS_Val   : 0.01555
amplitudeVal1 : 0.05201
amplitudeVal2 : 0.03898
AVG_AMP_VAL   : 0.05201
Label 1       : a
Label 2       : a
t1Start       : 0.00000
t1End         : 3.95000
t2Start       : 3.95000
t2End         : 4.46000
tAvgIndex     : 2.23000

