Iteration : 2
Average   : -0.10076
Max Val   : -0.02321
Min Val   : -0.17831
Start     : 3.72500
Finish    : 3.77500
Gradient  : -3.10215
Grad Label: mneg  

Iteration : 3
Average   : -0.19761
Max Val   : -0.12825
Min Val   : -0.26697
Start     : 3.77500
Finish    : 3.80000
Gradient  : 5.54880
Grad Label: bpos  

Iteration : 4
Average   : 0.01777
Max Val   : 0.20750
Min Val   : -0.17196
Start     : 3.80000
Finish    : 3.84000
Gradient  : 9.86351
Grad Label: pimp  

