Iteration : 2
Average   : 0.04544
Max Val   : 0.16928
Min Val   : -0.07841
Start     : 3.72500
Finish    : 3.77500
Gradient  : 4.95387
Grad Label: bpos  

Iteration : 3
Average   : 0.21399
Max Val   : 0.27336
Min Val   : 0.15462
Start     : 3.77500
Finish    : 3.80000
Gradient  : 4.74964
Grad Label: bpos  

Iteration : 4
Average   : 0.37231
Max Val   : 0.54990
Min Val   : 0.19471
Start     : 3.80000
Finish    : 3.84000
Gradient  : 7.78374
Grad Label: pimp  

