Iteration : 2
Average   : -0.11710
Max Val   : -0.11690
Min Val   : -0.11729
Start     : 3.70000
Finish    : 4.50000
Gradient  : -0.00051
Grad Label: cons  

