Iteration : 2
Average   : -1.69921
Max Val   : -1.58103
Min Val   : -1.81739
Start     : 0.30000
Finish    : 3.05000
Gradient  : -0.08595
Grad Label: cons  

Iteration : 3
Average   : -1.69725
Max Val   : -1.64068
Min Val   : -1.75383
Start     : 3.05000
Finish    : 4.50000
Gradient  : 0.08506
Grad Label: cons  

