Iteration : 1
Average   : 0.00279
Max Val   : 0.00457
Min Val   : 0.00101
Start     : 0.00000
Finish    : 4.50000
Gradient  : -0.00083
Grad Label: cons  

