Iteration : 2
Average   : -0.09248
Max Val   : -0.08181
Min Val   : -0.10316
Start     : 1.55000
Finish    : 3.07500
Gradient  : -0.01400
Grad Label: cons  

Iteration : 3
Average   : -0.10240
Max Val   : -0.09920
Min Val   : -0.10559
Start     : 3.07500
Finish    : 4.50000
Gradient  : -0.00438
Grad Label: cons  

