Iteration : 1
Average   : 0.00007
Max Val   : 0.00081
Min Val   : -0.00067
Start     : 0.00000
Finish    : 4.50000
Gradient  : -0.00030
Grad Label: cons  

