Iteration : 2
Average   : 2.17451
Max Val   : 2.29158
Min Val   : 2.05744
Start     : 0.45000
Finish    : 4.50000
Gradient  : 0.05720
Grad Label: cons  

