Iteration     : 1
CompLabel     : FX
averageVal1   : -0.10991
averageVal2   : 0.22239
AVG_MAG_VAL   : 0.05624
rmsVal1       : -0.10006
rmsVal2       : -0.10006
AVG_RMS_Val   : 0.56341
amplitudeVal1 : 0.68316
amplitudeVal2 : 0.68202
AVG_AMP_VAL   : 0.68316
Label 1       : a
Label 2       : a
t1Start       : 0.00000
t1End         : 3.70000
t2Start       : 3.70000
t2End         : 3.80000
tAvgIndex     : 1.90000

