Iteration     : 1
CompLabel     : CT
averageVal1   : 1.11534
averageVal2   : 1.11534
AVG_MAG_VAL   : 1.11534
rmsVal1       : 11.08670
rmsVal2       : 11.08670
AVG_RMS_Val   : 11.08670
amplitudeVal1 : 12.94918
amplitudeVal2 : 12.94918
AVG_AMP_VAL   : 12.94918
Label 1       : pc
Label 2       : z
t1Start       : 0.00000
t1End         : 3.70000
t2Start       : 3.70000
t2End         : 3.80000
tAvgIndex     : 1.90000

