Iteration     : 1
CompLabel     : FX
averageVal1   : 2.10058
averageVal2   : -1.99522
AVG_MAG_VAL   : 0.05268
rmsVal1       : 2.22272
rmsVal2       : 2.22272
AVG_RMS_Val   : 2.22272
amplitudeVal1 : 5.15394
amplitudeVal2 : 6.06162
AVG_AMP_VAL   : 6.06162
Label 1       : a
Label 2       : a
t1Start       : 0.00000
t1End         : 3.70000
t2Start       : 3.70000
t2End         : 3.80000
tAvgIndex     : 1.90000

