Iteration     : 1
CompLabel     : CT
averageVal1   : 0.78664
averageVal2   : 0.78664
AVG_MAG_VAL   : 0.78664
rmsVal1       : 9.59345
rmsVal2       : 9.59345
AVG_RMS_Val   : 9.59345
amplitudeVal1 : 11.45478
amplitudeVal2 : 11.45478
AVG_AMP_VAL   : 11.45478
Label 1       : pc
Label 2       : z
t1Start       : 0.00000
t1End         : 4.32500
t2Start       : 4.32500
t2End         : 4.41500
tAvgIndex     : 2.20750

