Iteration     : 1
CompLabel     : CT
averageVal1   : 0.07827
averageVal2   : 0.07827
AVG_MAG_VAL   : 0.07827
rmsVal1       : 0.65766
rmsVal2       : 0.65766
AVG_RMS_Val   : 0.65766
amplitudeVal1 : 0.78010
amplitudeVal2 : 0.78010
AVG_AMP_VAL   : 0.78010
Label 1       : pc
Label 2       : z
t1Start       : 0.00000
t1End         : 4.32500
t2Start       : 4.32500
t2End         : 4.41500
tAvgIndex     : 2.20750

