Iteration : 2
Average   : -1.70119
Max Val   : -1.58374
Min Val   : -1.81864
Start     : 0.32500
Finish    : 3.07500
Gradient  : -0.08542
Grad Label: cons  

Iteration : 3
Average   : -1.52375
Max Val   : -0.76175
Min Val   : -2.28576
Start     : 3.07500
Finish    : 3.32500
Gradient  : 6.09603
Grad Label: spos  

Iteration : 4
Average   : 4.39752
Max Val   : 10.53400
Min Val   : -1.73895
Start     : 3.32500
Finish    : 3.39500
Gradient  : 175.65670
Grad Label: pimp  

