Iteration : 2
Average   : -0.04148
Max Val   : -0.00942
Min Val   : -0.07353
Start     : 3.32500
Finish    : 3.35000
Gradient  : -2.56436
Grad Label: mneg  

Iteration : 3
Average   : -0.08678
Max Val   : -0.03901
Min Val   : -0.13455
Start     : 3.35000
Finish    : 3.39500
Gradient  : 1.16958
Grad Label: spos  

