Iteration : 2
Average   : 0.14928
Max Val   : 0.41477
Min Val   : -0.11620
Start     : 3.32500
Finish    : 3.39500
Gradient  : 7.60901
Grad Label: pimp  

