Iteration : 2
Average   : 2.12161
Max Val   : 2.14271
Min Val   : 2.10050
Start     : 0.47500
Finish    : 3.32500
Gradient  : 0.01481
Grad Label: cons  

Iteration : 3
Average   : -1.05182
Max Val   : 2.19930
Min Val   : -4.30294
Start     : 3.32500
Finish    : 3.39500
Gradient  : -93.40452
Grad Label: nimp  

