Iteration : 2
Average   : -0.00938
Max Val   : -0.00443
Min Val   : -0.01433
Start     : 3.32500
Finish    : 3.35000
Gradient  : -0.39621
Grad Label: sneg  

Iteration : 3
Average   : -0.00584
Max Val   : 0.01496
Min Val   : -0.02663
Start     : 3.35000
Finish    : 3.39500
Gradient  : 0.71926
Grad Label: spos  

