Iteration     : 1
CompLabel     : FX
averageVal1   : 0.00279
averageVal2   : 0.00279
AVG_MAG_VAL   : 0.00279
rmsVal1       : 0.00457
rmsVal2       : 0.00457
AVG_RMS_Val   : 0.00457
amplitudeVal1 : 0.00356
amplitudeVal2 : 0.00356
AVG_AMP_VAL   : 0.00356
Label 1       : k
Label 2       : k
t1Start       : 0.00000
t1End         : 4.50000
t2Start       : 0.00000
t2End         : 4.50000
tAvgIndex     : 2.25000

