Iteration     : 1
CompLabel     : FX
averageVal1   : -2.47832
averageVal2   : -2.47832
AVG_MAG_VAL   : -2.47832
rmsVal1       : -1.55678
rmsVal2       : -1.55678
AVG_RMS_Val   : -1.55678
amplitudeVal1 : 0.26061
amplitudeVal2 : 0.26061
AVG_AMP_VAL   : 0.26061
Label 1       : k
Label 2       : k
t1Start       : 0.00000
t1End         : 4.50000
t2Start       : 0.00000
t2End         : 4.50000
tAvgIndex     : 2.25000

