Iteration     : 1
CompLabel     : FX
averageVal1   : -0.13889
averageVal2   : -0.13889
AVG_MAG_VAL   : -0.13889
rmsVal1       : -0.07337
rmsVal2       : -0.07337
AVG_RMS_Val   : -0.07337
amplitudeVal1 : 0.03223
amplitudeVal2 : 0.03223
AVG_AMP_VAL   : 0.03223
Label 1       : k
Label 2       : k
t1Start       : 0.00000
t1End         : 4.50000
t2Start       : 0.00000
t2End         : 4.50000
tAvgIndex     : 2.25000

