Iteration     : 1
CompLabel     : FX
averageVal1   : 0.00007
averageVal2   : 0.00007
AVG_MAG_VAL   : 0.00007
rmsVal1       : 0.00081
rmsVal2       : 0.00081
AVG_RMS_Val   : 0.00081
amplitudeVal1 : 0.00148
amplitudeVal2 : 0.00148
AVG_AMP_VAL   : 0.00148
Label 1       : k
Label 2       : k
t1Start       : 0.00000
t1End         : 4.50000
t2Start       : 0.00000
t2End         : 4.50000
tAvgIndex     : 2.25000

