Iteration     : 1
CompLabel     : FX
averageVal1   : 2.11449
averageVal2   : 2.11449
AVG_MAG_VAL   : 2.11449
rmsVal1       : 2.29158
rmsVal2       : 2.29158
AVG_RMS_Val   : 2.29158
amplitudeVal1 : 0.23935
amplitudeVal2 : 0.23935
AVG_AMP_VAL   : 0.23935
Label 1       : k
Label 2       : k
t1Start       : 0.00000
t1End         : 4.50000
t2Start       : 0.00000
t2End         : 4.50000
tAvgIndex     : 2.25000

