Iteration     : 1
CompLabel     : FX
averageVal1   : -0.11366
averageVal2   : -0.11366
AVG_MAG_VAL   : -0.11366
rmsVal1       : -0.09923
rmsVal2       : -0.09923
AVG_RMS_Val   : -0.09923
amplitudeVal1 : 0.02198
amplitudeVal2 : 0.02198
AVG_AMP_VAL   : 0.02198
Label 1       : k
Label 2       : k
t1Start       : 0.00000
t1End         : 4.50000
t2Start       : 0.00000
t2End         : 4.50000
tAvgIndex     : 2.25000

