Iteration     : 1
CompLabel     : FX
averageVal1   : 0.00289
averageVal2   : 0.18184
AVG_MAG_VAL   : 0.00160
rmsVal1       : 0.00405
rmsVal2       : 0.00405
AVG_RMS_Val   : 0.93877
amplitudeVal1 : 0.11424
amplitudeVal2 : 0.67987
AVG_AMP_VAL   : 0.67987
Label 1       : bpos
Label 2       : bpos
t1Start       : 0.00000
t1End         : 3.17500
t2Start       : 3.17500
t2End         : 6.28500
tAvgIndex     : 3.14250

