Iteration : 2
Average   : -1.50271
Max Val   : -1.44120
Min Val   : -1.56421
Start     : 0.15000
Finish    : 0.32500
Gradient  : -0.70291
Grad Label: cons  

Iteration : 3
Average   : -1.69839
Max Val   : -1.58014
Min Val   : -1.81664
Start     : 0.32500
Finish    : 3.02500
Gradient  : -0.08760
Grad Label: cons  

Iteration : 4
Average   : -1.68130
Max Val   : -1.61101
Min Val   : -1.75159
Start     : 3.02500
Finish    : 4.50500
Gradient  : 0.10421
Grad Label: cons  

