Iteration : 2
Average   : 1.96777
Max Val   : 2.04304
Min Val   : 1.89249
Start     : 0.15000
Finish    : 0.30000
Gradient  : 1.00367
Grad Label: spos  

Iteration : 3
Average   : 2.14868
Max Val   : 2.26398
Min Val   : 2.03339
Start     : 0.30000
Finish    : 4.50500
Gradient  : 0.05190
Grad Label: cons  

