Iteration : 2
Average   : -0.09677
Max Val   : -0.09286
Min Val   : -0.10069
Start     : 0.15000
Finish    : 0.45000
Gradient  : -0.02612
Grad Label: cons  

Iteration : 3
Average   : -0.11031
Max Val   : -0.09956
Min Val   : -0.12105
Start     : 0.45000
Finish    : 4.50500
Gradient  : -0.00517
Grad Label: cons  

