Iteration : 2
Average   : 0.00188
Max Val   : 0.00365
Min Val   : 0.00011
Start     : 1.00000
Finish    : 3.05000
Gradient  : -0.00173
Grad Label: cons  

Iteration : 3
Average   : -0.01253
Max Val   : -0.00182
Min Val   : -0.02325
Start     : 3.05000
Finish    : 4.50500
Gradient  : -0.01618
Grad Label: cons  

