Iteration : 2
Average   : -0.00246
Max Val   : -0.00127
Min Val   : -0.00365
Start     : 3.87500
Finish    : 4.50500
Gradient  : -0.00374
Grad Label: cons  

