Iteration : 2
Average   : 0.13966
Max Val   : 0.39550
Min Val   : -0.11617
Start     : 3.32500
Finish    : 3.41500
Gradient  : 6.26390
Grad Label: bpos  

