Iteration : 2
Average   : -0.04376
Max Val   : -0.01023
Min Val   : -0.07730
Start     : 3.32500
Finish    : 3.37500
Gradient  : -1.34123
Grad Label: sneg  

Iteration : 3
Average   : -0.08864
Max Val   : -0.07756
Min Val   : -0.09971
Start     : 3.37500
Finish    : 3.41500
Gradient  : -0.11066
Grad Label: sneg  

