Iteration : 2
Average   : 2.13043
Max Val   : 2.17755
Min Val   : 2.08331
Start     : 0.47500
Finish    : 3.32500
Gradient  : 0.03306
Grad Label: cons  

Iteration : 3
Average   : -0.88629
Max Val   : 2.19846
Min Val   : -3.97104
Start     : 3.32500
Finish    : 3.41500
Gradient  : -74.85578
Grad Label: nimp  

