Iteration : 2
Average   : -1.70177
Max Val   : -1.58539
Min Val   : -1.81815
Start     : 0.32500
Finish    : 3.07500
Gradient  : -0.08464
Grad Label: cons  

Iteration : 3
Average   : -1.62601
Max Val   : -1.19618
Min Val   : -2.05585
Start     : 3.07500
Finish    : 3.32500
Gradient  : 3.43868
Grad Label: spos  

Iteration : 4
Average   : 4.26887
Max Val   : 10.27910
Min Val   : -1.74135
Start     : 3.32500
Finish    : 3.41500
Gradient  : 147.67757
Grad Label: pimp  

