Iteration : 2
Average   : -0.08895
Max Val   : -0.08578
Min Val   : -0.09213
Start     : 1.52500
Finish    : 3.32500
Gradient  : 0.00353
Grad Label: cons  

Iteration : 3
Average   : 0.91773
Max Val   : 1.94466
Min Val   : -0.10919
Start     : 3.32500
Finish    : 3.41500
Gradient  : 24.20772
Grad Label: mpos  

