Iteration : 2
Average   : -0.00671
Max Val   : 0.00092
Min Val   : -0.01435
Start     : 3.32500
Finish    : 3.35000
Gradient  : -0.61083
Grad Label: sneg  

Iteration : 3
Average   : -0.02013
Max Val   : -0.01902
Min Val   : -0.02124
Start     : 3.35000
Finish    : 3.37500
Gradient  : -0.08896
Grad Label: cons  

Iteration : 4
Average   : -0.01542
Max Val   : -0.00584
Min Val   : -0.02501
Start     : 3.37500
Finish    : 3.41500
Gradient  : 0.32459
Grad Label: spos  

