Iteration     : 1
CompLabel     : FX
averageVal1   : -0.11041
averageVal2   : 0.21070
AVG_MAG_VAL   : 0.05014
rmsVal1       : -0.09989
rmsVal2       : -0.09989
AVG_RMS_Val   : 0.54113
amplitudeVal1 : 0.66207
amplitudeVal2 : 0.66086
AVG_AMP_VAL   : 0.66207
Label 1       : a
Label 2       : a
t1Start       : 0.00000
t1End         : 3.85000
t2Start       : 3.85000
t2End         : 3.95000
tAvgIndex     : 1.97500

