Iteration     : 1
CompLabel     : CT
averageVal1   : 0.80264
averageVal2   : 0.80264
AVG_MAG_VAL   : 0.80264
rmsVal1       : 9.81883
rmsVal2       : 9.81883
AVG_RMS_Val   : 9.81883
amplitudeVal1 : 11.63877
amplitudeVal2 : 11.63877
AVG_AMP_VAL   : 11.63877
Label 1       : pc
Label 2       : z
t1Start       : 0.00000
t1End         : 3.85000
t2Start       : 3.85000
t2End         : 3.95000
tAvgIndex     : 1.97500

