Iteration     : 1
CompLabel     : a
averageVal1   : -0.08857
averageVal2   : 1.36491
AVG_MAG_VAL   : 1.81257
rmsVal1       : 0.04383
rmsVal2       : 0.04383
AVG_RMS_Val   : 4.89742
amplitudeVal1 : 0.86526
amplitudeVal2 : 1.40142
AVG_AMP_VAL   : 2.34232
Label 1       : bpos
Label 2       : bpos
t1Start       : 0.00000
t1End         : 4.17500
t2Start       : 4.17500
t2End         : 6.64000
tAvgIndex     : 3.32000

