Iteration     : 1
CompLabel     : FX
averageVal1   : 0.00285
averageVal2   : -0.02955
AVG_MAG_VAL   : -0.02979
rmsVal1       : 0.00413
rmsVal2       : 0.00413
AVG_RMS_Val   : 0.03129
amplitudeVal1 : 0.03139
amplitudeVal2 : 0.09807
AVG_AMP_VAL   : 0.09807
Label 1       : a
Label 2       : a
t1Start       : 0.00000
t1End         : 4.02500
t2Start       : 4.02500
t2End         : 4.20500
tAvgIndex     : 2.10250

