Iteration     : 1
CompLabel     : FX
averageVal1   : 0.24711
averageVal2   : 0.24711
AVG_MAG_VAL   : 0.24711
rmsVal1       : 0.38137
rmsVal2       : 0.38137
AVG_RMS_Val   : 0.38137
amplitudeVal1 : 0.31742
amplitudeVal2 : 0.31742
AVG_AMP_VAL   : 0.31742
Label 1       : bneg
Label 2       : bneg
t1Start       : 0.00000
t1End         : 5.74500
t2Start       : 0.00000
t2End         : 5.74500
tAvgIndex     : 2.87250

