Iteration     : 1
CompLabel     : CT
averageVal1   : 1.46152
averageVal2   : 1.46152
AVG_MAG_VAL   : 1.46152
rmsVal1       : 10.72720
rmsVal2       : 10.72720
AVG_RMS_Val   : 10.72720
amplitudeVal1 : 13.67596
amplitudeVal2 : 13.67596
AVG_AMP_VAL   : 13.67596
Label 1       : pc
Label 2       : z
t1Start       : 0.00000
t1End         : 3.30000
t2Start       : 3.30000
t2End         : 3.43500
tAvgIndex     : 1.71750

