Iteration     : 1
CompLabel     : FX
averageVal1   : -0.12938
averageVal2   : 0.40542
AVG_MAG_VAL   : 0.13802
rmsVal1       : -0.07362
rmsVal2       : -0.07362
AVG_RMS_Val   : 1.36249
amplitudeVal1 : 1.13077
amplitudeVal2 : 1.81368
AVG_AMP_VAL   : 1.81368
Label 1       : a
Label 2       : a
t1Start       : 0.00000
t1End         : 3.30000
t2Start       : 3.30000
t2End         : 3.43500
tAvgIndex     : 1.71750

