Iteration     : 1
CompLabel     : FX
averageVal1   : -0.10839
averageVal2   : 0.21715
AVG_MAG_VAL   : 0.05438
rmsVal1       : -0.10057
rmsVal2       : -0.10057
AVG_RMS_Val   : 0.40025
amplitudeVal1 : 0.35102
amplitudeVal2 : 0.41887
AVG_AMP_VAL   : 0.41887
Label 1       : a
Label 2       : a
t1Start       : 0.00000
t1End         : 3.32500
t2Start       : 3.32500
t2End         : 3.43500
tAvgIndex     : 1.71750

