Iteration : 1
Average   : -0.10783
Max Val   : -0.10056
Min Val   : -0.11510
Start     : 0.00000
Finish    : 3.15000
Gradient  : -0.00461
Grad Label: cons  

Iteration : 2
Average   : 0.01423
Max Val   : 0.07070
Min Val   : -0.04224
Start     : 3.15000
Finish    : 3.17500
Gradient  : 4.51761
Grad Label: mpos  

Iteration : 3
Average   : 0.24256
Max Val   : 0.40411
Min Val   : 0.08101
Start     : 3.17500
Finish    : 3.22500
Gradient  : 6.89364
Grad Label: bpos  

