Iteration : 2
Average   : -1.70286
Max Val   : -1.59085
Min Val   : -1.81487
Start     : 0.15000
Finish    : 3.12500
Gradient  : -0.07530
Grad Label: cons  

Iteration : 3
Average   : -1.62637
Max Val   : -1.19632
Min Val   : -2.05642
Start     : 3.12500
Finish    : 3.32500
Gradient  : 4.30050
Grad Label: spos  

Iteration : 4
Average   : 4.33899
Max Val   : 10.41680
Min Val   : -1.73883
Start     : 3.32500
Finish    : 3.42500
Gradient  : 125.81920
Grad Label: pimp  

