Iteration : 2
Average   : 0.03102
Max Val   : 0.05580
Min Val   : 0.00623
Start     : 3.35000
Finish    : 3.42500
Gradient  : 0.78666
Grad Label: spos  

