Iteration : 2
Average   : 0.13706
Max Val   : 0.39060
Min Val   : -0.11649
Start     : 3.32500
Finish    : 3.42500
Gradient  : 5.24079
Grad Label: bpos  

