Iteration : 2
Average   : -0.04505
Max Val   : -0.02384
Min Val   : -0.06627
Start     : 3.32500
Finish    : 3.37500
Gradient  : -0.84851
Grad Label: sneg  

Iteration : 3
Average   : -0.03963
Max Val   : 0.02566
Min Val   : -0.10491
Start     : 3.37500
Finish    : 3.42500
Gradient  : 2.59894
Grad Label: mpos  

