Iteration : 2
Average   : 2.06279
Max Val   : 2.06692
Min Val   : 2.05866
Start     : 0.17500
Finish    : 0.57500
Gradient  : 0.02063
Grad Label: cons  

Iteration : 3
Average   : 2.13705
Max Val   : 2.18459
Min Val   : 2.08951
Start     : 0.57500
Finish    : 3.32500
Gradient  : 0.03457
Grad Label: cons  

Iteration : 4
Average   : -0.75480
Max Val   : 2.19762
Min Val   : -3.70722
Start     : 3.32500
Finish    : 3.42500
Gradient  : -60.70898
Grad Label: bneg  

