Iteration     : 1
CompLabel     : FX
averageVal1   : 1.59187
averageVal2   : -1.20005
AVG_MAG_VAL   : 0.33243
rmsVal1       : 2.04273
rmsVal2       : 2.04273
AVG_RMS_Val   : 3.70843
amplitudeVal1 : 1.72789
amplitudeVal2 : 2.90499
AVG_AMP_VAL   : 4.71835
Label 1       : bpos
Label 2       : bpos
t1Start       : 0.00000
t1End         : 0.30000
t2Start       : 0.30000
t2End         : 6.44000
tAvgIndex     : 3.22000

