Iteration     : 1
CompLabel     : a
averageVal1   : -0.09249
averageVal2   : 3.55790
AVG_MAG_VAL   : 1.37397
rmsVal1       : 0.01027
rmsVal2       : 0.01027
AVG_RMS_Val   : 5.15945
amplitudeVal1 : 3.46209
amplitudeVal2 : 2.61613
AVG_AMP_VAL   : 3.46209
Label 1       : bpos
Label 2       : bpos
t1Start       : 0.00000
t1End         : 3.67500
t2Start       : 3.67500
t2End         : 6.44000
tAvgIndex     : 3.22000

