Iteration     : 1
CompLabel     : FX
averageVal1   : -0.42881
averageVal2   : -0.17575
AVG_MAG_VAL   : -0.33525
rmsVal1       : 0.00136
rmsVal2       : -0.44424
AVG_RMS_Val   : 0.01860
amplitudeVal1 : 0.34164
amplitudeVal2 : 0.41631
AVG_AMP_VAL   : 0.41631
Label 1       : bpos
Label 2       : bpos
t1Start       : 0.00000
t1End         : 5.30000
t2Start       : 5.30000
t2End         : 6.44000
tAvgIndex     : 3.22000

