Iteration     : 1
CompLabel     : FX
averageVal1   : -0.00732
averageVal2   : -0.00732
AVG_MAG_VAL   : -0.00732
rmsVal1       : 0.00499
rmsVal2       : 0.00499
AVG_RMS_Val   : 0.00499
amplitudeVal1 : 0.03758
amplitudeVal2 : 0.03758
AVG_AMP_VAL   : 0.03758
Label 1       : k
Label 2       : k
t1Start       : 0.00000
t1End         : 4.49500
t2Start       : 0.00000
t2End         : 4.49500
tAvgIndex     : 2.24750

