Iteration     : 1
CompLabel     : FX
averageVal1   : -2.46924
averageVal2   : -2.46924
AVG_MAG_VAL   : -2.46924
rmsVal1       : -1.55954
rmsVal2       : -1.55954
AVG_RMS_Val   : -1.55954
amplitudeVal1 : 0.25579
amplitudeVal2 : 0.25579
AVG_AMP_VAL   : 0.25579
Label 1       : k
Label 2       : k
t1Start       : 0.00000
t1End         : 4.49500
t2Start       : 0.00000
t2End         : 4.49500
tAvgIndex     : 2.24750

