Iteration     : 1
CompLabel     : FX
averageVal1   : 2.10432
averageVal2   : 2.10432
AVG_MAG_VAL   : 2.10432
rmsVal1       : 2.24780
rmsVal2       : 2.24780
AVG_RMS_Val   : 2.24780
amplitudeVal1 : 0.19473
amplitudeVal2 : 0.19473
AVG_AMP_VAL   : 0.19473
Label 1       : k
Label 2       : k
t1Start       : 0.00000
t1End         : 4.49500
t2Start       : 0.00000
t2End         : 4.49500
tAvgIndex     : 2.24750

