Iteration     : 1
CompLabel     : CT
averageVal1   : 0.02418
averageVal2   : 0.02418
AVG_MAG_VAL   : 0.02418
rmsVal1       : 0.43024
rmsVal2       : 0.43024
AVG_RMS_Val   : 0.43024
amplitudeVal1 : 0.54759
amplitudeVal2 : 0.54759
AVG_AMP_VAL   : 0.54759
Label 1       : pc
Label 2       : z
t1Start       : 0.00000
t1End         : 3.15000
t2Start       : 3.15000
t2End         : 3.21000
tAvgIndex     : 1.60500

