Iteration     : 1
CompLabel     : FX
averageVal1   : -0.00129
averageVal2   : 0.00243
AVG_MAG_VAL   : 0.00057
rmsVal1       : 0.00473
rmsVal2       : 0.00473
AVG_RMS_Val   : 0.03585
amplitudeVal1 : 0.04206
amplitudeVal2 : 0.06684
AVG_AMP_VAL   : 0.06684
Label 1       : a
Label 2       : a
t1Start       : 0.00000
t1End         : 3.17500
t2Start       : 3.17500
t2End         : 3.21000
tAvgIndex     : 1.60500

