Iteration     : 1
CompLabel     : CT
averageVal1   : 0.42689
averageVal2   : 0.42689
AVG_MAG_VAL   : 0.42689
rmsVal1       : 2.20020
rmsVal2       : 2.20020
AVG_RMS_Val   : 2.20020
amplitudeVal1 : 6.87358
amplitudeVal2 : 6.87358
AVG_AMP_VAL   : 6.87358
Label 1       : nc
Label 2       : z
t1Start       : 0.00000
t1End         : 3.15000
t2Start       : 3.15000
t2End         : 3.21000
tAvgIndex     : 1.60500

