Iteration : 1
Average   : 0.00019
Max Val   : 0.00109
Min Val   : -0.00071
Start     : 0.00000
Finish    : 3.32500
Gradient  : -0.00054
Grad Label: cons  

Iteration : 2
Average   : -0.04287
Max Val   : -0.02670
Min Val   : -0.05903
Start     : 3.32500
Finish    : 3.37500
Gradient  : -0.64658
Grad Label: sneg  

Iteration : 3
Average   : 0.00437
Max Val   : 0.10344
Min Val   : -0.09471
Start     : 3.37500
Finish    : 3.43500
Gradient  : 3.59290
Grad Label: mpos  

