Iteration : 1
Average   : 0.00262
Max Val   : 0.00455
Min Val   : 0.00069
Start     : 0.00000
Finish    : 3.35000
Gradient  : -0.00115
Grad Label: cons  

Iteration : 2
Average   : 0.02863
Max Val   : 0.05756
Min Val   : -0.00031
Start     : 3.35000
Finish    : 3.43500
Gradient  : 0.66445
Grad Label: spos  

