Iteration     : 1
CompLabel     : FX
averageVal1   : -0.10933
averageVal2   : 0.13402
AVG_MAG_VAL   : 0.01235
rmsVal1       : -0.10076
rmsVal2       : -0.10076
AVG_RMS_Val   : 0.38461
amplitudeVal1 : 0.50344
amplitudeVal2 : 0.50118
AVG_AMP_VAL   : 0.50344
Label 1       : a
Label 2       : a
t1Start       : 0.00000
t1End         : 3.32500
t2Start       : 3.32500
t2End         : 3.44500
tAvgIndex     : 1.72250

