Iteration     : 1
CompLabel     : FX
averageVal1   : -0.12906
averageVal2   : 0.24342
AVG_MAG_VAL   : 0.07046
rmsVal1       : -0.05016
rmsVal2       : -0.05016
AVG_RMS_Val   : 0.74653
amplitudeVal1 : 0.77319
amplitudeVal2 : 1.00621
AVG_AMP_VAL   : 1.00621
Label 1       : a
Label 2       : a
t1Start       : 0.00000
t1End         : 3.32500
t2Start       : 3.32500
t2End         : 3.44500
tAvgIndex     : 1.72250

