Iteration     : 1
CompLabel     : a
averageVal1   : 1.59187
averageVal2   : 2.05096
AVG_MAG_VAL   : 1.11866
rmsVal1       : 2.04273
rmsVal2       : 2.04273
AVG_RMS_Val   : 5.00300
amplitudeVal1 : 1.55547
amplitudeVal2 : 1.88684
AVG_AMP_VAL   : 4.41871
Label 1       : bpos
Label 2       : bpos
t1Start       : 0.00000
t1End         : 3.72500
t2Start       : 3.72500
t2End         : 5.95000
tAvgIndex     : 2.97500

