Iteration     : 1
CompLabel     : FX
averageVal1   : 0.00022
averageVal2   : 0.03900
AVG_MAG_VAL   : 0.07505
rmsVal1       : 0.00078
rmsVal2       : 0.00078
AVG_RMS_Val   : 0.22431
amplitudeVal1 : 0.16913
amplitudeVal2 : 0.00592
AVG_AMP_VAL   : 0.32090
Label 1       : bpos
Label 2       : bpos
t1Start       : 0.00000
t1End         : 5.62500
t2Start       : 5.62500
t2End         : 5.69500
tAvgIndex     : 2.84750

