Iteration : 2
Average   : -0.10056
Max Val   : -0.10015
Min Val   : -0.10097
Start     : 0.15000
Finish    : 0.75000
Gradient  : -0.00138
Grad Label: cons  

Iteration : 3
Average   : -0.11463
Max Val   : -0.10612
Min Val   : -0.12314
Start     : 0.75000
Finish    : 4.30000
Gradient  : -0.00480
Grad Label: cons  

Iteration : 4
Average   : 0.27636
Max Val   : 0.67478
Min Val   : -0.12205
Start     : 4.30000
Finish    : 4.40500
Gradient  : 8.69589
Grad Label: pimp  

