Iteration : 2
Average   : 0.00041
Max Val   : 0.00078
Min Val   : 0.00005
Start     : 0.30000
Finish    : 3.85000
Gradient  : -0.00021
Grad Label: cons  

Iteration : 3
Average   : -0.00288
Max Val   : 0.00002
Min Val   : -0.00578
Start     : 3.85000
Finish    : 4.30000
Gradient  : -0.01289
Grad Label: cons  

Iteration : 4
Average   : -0.13426
Max Val   : -0.00340
Min Val   : -0.26512
Start     : 4.30000
Finish    : 4.40500
Gradient  : -2.84945
Grad Label: mneg  

