Iteration     : 1
CompLabel     : FX
averageVal1   : 0.00020
averageVal2   : 0.03739
AVG_MAG_VAL   : 0.01774
rmsVal1       : 0.00104
rmsVal2       : 0.00104
AVG_RMS_Val   : 0.22734
amplitudeVal1 : 0.19365
amplitudeVal2 : 0.19692
AVG_AMP_VAL   : 0.71079
Label 1       : bpos
Label 2       : bpos
t1Start       : 0.00000
t1End         : 5.70000
t2Start       : 5.70000
t2End         : 5.98000
tAvgIndex     : 2.99000

