Iteration     : 1
CompLabel     : FX
averageVal1   : 0.00257
averageVal2   : 0.01555
AVG_MAG_VAL   : 0.00932
rmsVal1       : 0.00503
rmsVal2       : 0.00503
AVG_RMS_Val   : 0.01808
amplitudeVal1 : 0.01138
amplitudeVal2 : 0.00507
AVG_AMP_VAL   : 0.02476
Label 1       : a
Label 2       : a
t1Start       : 0.00000
t1End         : 3.20000
t2Start       : 3.20000
t2End         : 3.26000
tAvgIndex     : 1.63000

