Iteration     : 1
CompLabel     : FX
averageVal1   : -0.12680
averageVal2   : -0.10909
AVG_MAG_VAL   : -0.06481
rmsVal1       : -0.06779
rmsVal2       : -0.06779
AVG_RMS_Val   : 0.28530
amplitudeVal1 : 0.17233
amplitudeVal2 : 0.78877
AVG_AMP_VAL   : 0.78877
Label 1       : a
Label 2       : a
t1Start       : 0.00000
t1End         : 3.15000
t2Start       : 3.15000
t2End         : 3.26000
tAvgIndex     : 1.63000

