Iteration : 2
Average   : 2.06337
Max Val   : 2.06465
Min Val   : 2.06209
Start     : 0.15000
Finish    : 0.47500
Gradient  : 0.00785
Grad Label: cons  

Iteration : 3
Average   : 2.17783
Max Val   : 2.29075
Min Val   : 2.06491
Start     : 0.47500
Finish    : 4.50000
Gradient  : 0.05535
Grad Label: cons  

