Iteration : 2
Average   : -0.09237
Max Val   : -0.08138
Min Val   : -0.10336
Start     : 1.45000
Finish    : 3.15000
Gradient  : -0.01293
Grad Label: cons  

Iteration : 3
Average   : -0.10222
Max Val   : -0.09922
Min Val   : -0.10523
Start     : 3.15000
Finish    : 4.50000
Gradient  : -0.00438
Grad Label: cons  

