Iteration : 1
Average   : -0.00041
Max Val   : 0.00083
Min Val   : -0.00164
Start     : 0.00000
Finish    : 4.50000
Gradient  : -0.00028
Grad Label: cons  

