Iteration : 2
Average   : -0.11708
Max Val   : -0.11692
Min Val   : -0.11724
Start     : 3.70000
Finish    : 4.50000
Gradient  : -0.00042
Grad Label: cons  

