Iteration : 2
Average   : -1.70351
Max Val   : -1.59463
Min Val   : -1.81240
Start     : 0.15000
Finish    : 3.07500
Gradient  : -0.07445
Grad Label: cons  

Iteration : 3
Average   : -1.69635
Max Val   : -1.64167
Min Val   : -1.75103
Start     : 3.07500
Finish    : 4.50000
Gradient  : 0.08422
Grad Label: cons  

