Iteration : 1
Average   : 0.00264
Max Val   : 0.00424
Min Val   : 0.00105
Start     : 0.00000
Finish    : 4.50000
Gradient  : -0.00076
Grad Label: cons  

