Iteration     : 1
CompLabel     : CT
averageVal1   : 0.59445
averageVal2   : 0.59445
AVG_MAG_VAL   : 0.59445
rmsVal1       : 2.19889
rmsVal2       : 2.19889
AVG_RMS_Val   : 2.19889
amplitudeVal1 : 6.19887
amplitudeVal2 : 6.19887
AVG_AMP_VAL   : 6.19887
Label 1       : nc
Label 2       : z
t1Start       : 0.00000
t1End         : 3.15000
t2Start       : 3.15000
t2End         : 3.22500
tAvgIndex     : 1.61250

