Iteration     : 1
CompLabel     : CT
averageVal1   : 0.01633
averageVal2   : 0.01633
AVG_MAG_VAL   : 0.01633
rmsVal1       : 0.39864
rmsVal2       : 0.39864
AVG_RMS_Val   : 0.39864
amplitudeVal1 : 0.51585
amplitudeVal2 : 0.51585
AVG_AMP_VAL   : 0.51585
Label 1       : pc
Label 2       : z
t1Start       : 0.00000
t1End         : 3.15000
t2Start       : 3.15000
t2End         : 3.22500
tAvgIndex     : 1.61250

