Iteration : 1
Average   : -0.10924
Max Val   : -0.09876
Min Val   : -0.11971
Start     : 0.00000
Finish    : 3.32500
Gradient  : -0.00630
Grad Label: cons  

Iteration : 2
Average   : -0.08675
Max Val   : -0.02224
Min Val   : -0.15125
Start     : 3.32500
Finish    : 3.35000
Gradient  : 5.16024
Grad Label: bpos  

Iteration : 3
Average   : 0.20325
Max Val   : 0.41996
Min Val   : -0.01347
Start     : 3.35000
Finish    : 3.44500
Gradient  : 3.97283
Grad Label: mpos  

