Iteration     : 1
CompLabel     : FX
averageVal1   : 2.09229
averageVal2   : -0.60895
AVG_MAG_VAL   : 0.74167
rmsVal1       : 2.16757
rmsVal2       : 2.16757
AVG_RMS_Val   : 2.19685
amplitudeVal1 : 5.61160
amplitudeVal2 : 5.61160
AVG_AMP_VAL   : 5.61160
Label 1       : a
Label 2       : a
t1Start       : 0.00000
t1End         : 3.50000
t2Start       : 3.50000
t2End         : 3.58000
tAvgIndex     : 1.79000

