Iteration     : 1
CompLabel     : FX
averageVal1   : -0.00015
averageVal2   : -0.00015
AVG_MAG_VAL   : -0.00015
rmsVal1       : 0.02019
rmsVal2       : 0.02019
AVG_RMS_Val   : 0.02019
amplitudeVal1 : 0.03574
amplitudeVal2 : 0.03574
AVG_AMP_VAL   : 0.03574
Label 1       : k
Label 2       : k
t1Start       : 0.00000
t1End         : 3.58000
t2Start       : 0.00000
t2End         : 3.58000
tAvgIndex     : 1.79000

