Iteration     : 1
CompLabel     : FX
averageVal1   : -0.10920
averageVal2   : 0.14995
AVG_MAG_VAL   : 0.02037
rmsVal1       : -0.10015
rmsVal2       : -0.10015
AVG_RMS_Val   : 0.41887
amplitudeVal1 : 0.53712
amplitudeVal2 : 0.53786
AVG_AMP_VAL   : 0.53786
Label 1       : a
Label 2       : a
t1Start       : 0.00000
t1End         : 3.50000
t2Start       : 3.50000
t2End         : 3.58000
tAvgIndex     : 1.79000

