Iteration     : 1
CompLabel     : CT
averageVal1   : 1.14423
averageVal2   : 1.14423
AVG_MAG_VAL   : 1.14423
rmsVal1       : 11.21190
rmsVal2       : 11.21190
AVG_RMS_Val   : 11.21190
amplitudeVal1 : 13.02826
amplitudeVal2 : 13.02826
AVG_AMP_VAL   : 13.02826
Label 1       : pc
Label 2       : z
t1Start       : 0.00000
t1End         : 3.80000
t2Start       : 3.80000
t2End         : 3.86500
tAvgIndex     : 1.93250

