Iteration     : 1
CompLabel     : CT
averageVal1   : 0.53985
averageVal2   : 0.53985
AVG_MAG_VAL   : 0.53985
rmsVal1       : 2.30021
rmsVal2       : 2.30021
AVG_RMS_Val   : 2.30021
amplitudeVal1 : 6.65144
amplitudeVal2 : 6.65144
AVG_AMP_VAL   : 6.65144
Label 1       : nc
Label 2       : z
t1Start       : 0.00000
t1End         : 3.80000
t2Start       : 3.80000
t2End         : 3.86500
tAvgIndex     : 1.93250

