Iteration     : 1
CompLabel     : CT
averageVal1   : 0.07406
averageVal2   : 0.07406
AVG_MAG_VAL   : 0.07406
rmsVal1       : 0.63537
rmsVal2       : 0.63537
AVG_RMS_Val   : 0.63537
amplitudeVal1 : 0.75626
amplitudeVal2 : 0.75626
AVG_AMP_VAL   : 0.75626
Label 1       : pc
Label 2       : z
t1Start       : 0.00000
t1End         : 3.80000
t2Start       : 3.80000
t2End         : 3.86500
tAvgIndex     : 1.93250

