Iteration : 2
Average   : -0.09150
Max Val   : -0.08132
Min Val   : -0.10169
Start     : 1.55000
Finish    : 2.92500
Gradient  : -0.01482
Grad Label: cons  

Iteration : 3
Average   : -0.08637
Max Val   : -0.06353
Min Val   : -0.10921
Start     : 2.92500
Finish    : 3.80000
Gradient  : 0.05220
Grad Label: cons  

Iteration : 4
Average   : 1.88746
Max Val   : 3.86034
Min Val   : -0.08542
Start     : 3.80000
Finish    : 3.86500
Gradient  : 62.61015
Grad Label: bpos  

