Iteration : 2
Average   : 0.25846
Max Val   : 0.63537
Min Val   : -0.11846
Start     : 3.80000
Finish    : 3.86500
Gradient  : 12.09006
Grad Label: pimp  

