Iteration : 2
Average   : -0.17793
Max Val   : 0.00056
Min Val   : -0.35642
Start     : 3.80000
Finish    : 3.86500
Gradient  : -5.91990
Grad Label: bneg  

