Iteration : 2
Average   : 2.15563
Max Val   : 2.25286
Min Val   : 2.05841
Start     : 0.45000
Finish    : 3.80000
Gradient  : 0.05805
Grad Label: cons  

Iteration : 3
Average   : -1.02551
Max Val   : 2.30021
Min Val   : -4.35123
Start     : 3.80000
Finish    : 3.86500
Gradient  : -102.75442
Grad Label: nimp  

