Iteration : 2
Average   : -1.70076
Max Val   : -1.58515
Min Val   : -1.81636
Start     : 0.32500
Finish    : 3.05000
Gradient  : -0.08485
Grad Label: cons  

Iteration : 3
Average   : -1.69488
Max Val   : -1.59045
Min Val   : -1.79931
Start     : 3.05000
Finish    : 3.80000
Gradient  : 0.27849
Grad Label: cons  

Iteration : 4
Average   : 4.76699
Max Val   : 11.21190
Min Val   : -1.67791
Start     : 3.80000
Finish    : 3.86500
Gradient  : 207.91088
Grad Label: pimp  

