Iteration : 2
Average   : -0.00053
Max Val   : 0.00734
Min Val   : -0.00839
Start     : 3.80000
Finish    : 3.82500
Gradient  : -0.62917
Grad Label: sneg  

Iteration : 3
Average   : -0.05421
Max Val   : -0.00818
Min Val   : -0.10023
Start     : 3.82500
Finish    : 3.86500
Gradient  : -2.24077
Grad Label: sneg  

