Iteration : 2
Average   : -0.09981
Max Val   : 0.01016
Min Val   : -0.20979
Start     : 3.87500
Finish    : 3.90000
Gradient  : 8.79830
Grad Label: pimp  

Iteration : 3
Average   : 0.28731
Max Val   : 0.62251
Min Val   : -0.04789
Start     : 3.90000
Finish    : 3.94500
Gradient  : 15.63603
Grad Label: pimp  

