Iteration : 2
Average   : 2.15101
Max Val   : 2.22280
Min Val   : 2.07922
Start     : 0.50000
Finish    : 3.90000
Gradient  : 0.04223
Grad Label: cons  

Iteration : 3
Average   : -0.75306
Max Val   : 2.25313
Min Val   : -3.75924
Start     : 3.90000
Finish    : 3.94500
Gradient  : -139.50421
Grad Label: nimp  

