Iteration : 2
Average   : -0.09911
Max Val   : -0.08083
Min Val   : -0.11738
Start     : 1.55000
Finish    : 3.87500
Gradient  : -0.01572
Grad Label: cons  

Iteration : 3
Average   : -0.06281
Max Val   : 0.38478
Min Val   : -0.51041
Start     : 3.87500
Finish    : 3.90000
Gradient  : 35.80750
Grad Label: mpos  

Iteration : 4
Average   : 1.63623
Max Val   : 3.20752
Min Val   : 0.06494
Start     : 3.90000
Finish    : 3.94500
Gradient  : 70.98883
Grad Label: pimp  

