Iteration : 2
Average   : -0.00040
Max Val   : 0.00848
Min Val   : -0.00928
Start     : 3.85000
Finish    : 3.87500
Gradient  : -0.71034
Grad Label: sneg  

Iteration : 3
Average   : -0.11603
Max Val   : -0.00158
Min Val   : -0.23049
Start     : 3.87500
Finish    : 3.94500
Gradient  : -3.58434
Grad Label: mneg  

