Iteration : 2
Average   : 0.01040
Max Val   : 0.01554
Min Val   : 0.00526
Start     : 3.87500
Finish    : 3.90000
Gradient  : -0.41122
Grad Label: sneg  

Iteration : 3
Average   : -0.03630
Max Val   : 0.03953
Min Val   : -0.11212
Start     : 3.90000
Finish    : 3.94500
Gradient  : -3.34561
Grad Label: mneg  

