Iteration : 2
Average   : -0.11947
Max Val   : -0.11940
Min Val   : -0.11954
Start     : 4.27500
Finish    : 4.49500
Gradient  : -0.00063
Grad Label: cons  

