Iteration : 2
Average   : -0.00604
Max Val   : -0.00124
Min Val   : -0.01085
Start     : 3.20000
Finish    : 4.49500
Gradient  : -0.00802
Grad Label: cons  

