Iteration : 2
Average   : -0.00192
Max Val   : -0.00144
Min Val   : -0.00239
Start     : 4.07500
Finish    : 4.49500
Gradient  : -0.00221
Grad Label: cons  

