Iteration : 2
Average   : 2.05968
Max Val   : 2.06269
Min Val   : 2.05668
Start     : 0.15000
Finish    : 0.52500
Gradient  : 0.01604
Grad Label: cons  

Iteration : 3
Average   : 2.17089
Max Val   : 2.27803
Min Val   : 2.06375
Start     : 0.52500
Finish    : 4.49500
Gradient  : 0.05339
Grad Label: cons  

