Iteration : 2
Average   : -1.69863
Max Val   : -1.58241
Min Val   : -1.81485
Start     : 0.17500
Finish    : 3.07500
Gradient  : -0.08015
Grad Label: cons  

Iteration : 3
Average   : -1.68834
Max Val   : -1.62727
Min Val   : -1.74941
Start     : 3.07500
Finish    : 4.49500
Gradient  : 0.09316
Grad Label: cons  

