Iteration     : 1
CompLabel     : CT
averageVal1   : 0.06610
averageVal2   : 0.06610
AVG_MAG_VAL   : 0.06610
rmsVal1       : 0.61007
rmsVal2       : 0.61007
AVG_RMS_Val   : 0.61007
amplitudeVal1 : 0.73316
amplitudeVal2 : 0.73316
AVG_AMP_VAL   : 0.73316
Label 1       : pc
Label 2       : z
t1Start       : 0.00000
t1End         : 3.90000
t2Start       : 3.90000
t2End         : 3.99500
tAvgIndex     : 1.99750

