Iteration     : 1
CompLabel     : CT
averageVal1   : 0.80448
averageVal2   : 0.80448
AVG_MAG_VAL   : 0.80448
rmsVal1       : 9.77283
rmsVal2       : 9.77283
AVG_RMS_Val   : 9.77283
amplitudeVal1 : 11.58465
amplitudeVal2 : 11.58465
AVG_AMP_VAL   : 11.58465
Label 1       : pc
Label 2       : z
t1Start       : 0.00000
t1End         : 3.90000
t2Start       : 3.90000
t2End         : 3.99500
tAvgIndex     : 1.99750

