Iteration     : 1
CompLabel     : a
averageVal1   : 8.14108
averageVal2   : 11.11079
AVG_MAG_VAL   : 10.96286
rmsVal1       : 8.35961
rmsVal2       : 11.13358
AVG_RMS_Val   : 9.32295
amplitudeVal1 : 1.33469
amplitudeVal2 : 0.32582
AVG_AMP_VAL   : 1.03901
Label 1       : bpos
Label 2       : bpos
t1Start       : 0.00000
t1End         : 9.17500
t2Start       : 9.17500
t2End         : 10.51500
tAvgIndex     : 5.25750

