Iteration     : 1
CompLabel     : FX
averageVal1   : -2.47470
averageVal2   : -2.47470
AVG_MAG_VAL   : -2.47470
rmsVal1       : -1.51748
rmsVal2       : -1.51748
AVG_RMS_Val   : -1.51748
amplitudeVal1 : 0.29491
amplitudeVal2 : 0.29491
AVG_AMP_VAL   : 0.29491
Label 1       : k
Label 2       : k
t1Start       : 0.00000
t1End         : 4.50000
t2Start       : 0.00000
t2End         : 4.50000
tAvgIndex     : 2.25000

