Iteration     : 1
CompLabel     : FX
averageVal1   : 3.16062
averageVal2   : 3.16062
AVG_MAG_VAL   : 3.16062
rmsVal1       : 2.29075
rmsVal2       : 2.29075
AVG_RMS_Val   : 2.29075
amplitudeVal1 : 0.22866
amplitudeVal2 : 0.22866
AVG_AMP_VAL   : 0.22866
Label 1       : k
Label 2       : k
t1Start       : 0.00000
t1End         : 4.50000
t2Start       : 0.00000
t2End         : 4.50000
tAvgIndex     : 2.25000

