Iteration     : 1
CompLabel     : FX
averageVal1   : -0.13836
averageVal2   : -0.13836
AVG_MAG_VAL   : -0.13836
rmsVal1       : -0.07528
rmsVal2       : -0.07528
AVG_RMS_Val   : -0.07528
amplitudeVal1 : 0.02994
amplitudeVal2 : 0.02994
AVG_AMP_VAL   : 0.02994
Label 1       : k
Label 2       : k
t1Start       : 0.00000
t1End         : 4.50000
t2Start       : 0.00000
t2End         : 4.50000
tAvgIndex     : 2.25000

