Iteration     : 1
CompLabel     : FX
averageVal1   : 0.00264
averageVal2   : 0.00264
AVG_MAG_VAL   : 0.00264
rmsVal1       : 0.00424
rmsVal2       : 0.00424
AVG_RMS_Val   : 0.00424
amplitudeVal1 : 0.00319
amplitudeVal2 : 0.00319
AVG_AMP_VAL   : 0.00319
Label 1       : k
Label 2       : k
t1Start       : 0.00000
t1End         : 4.50000
t2Start       : 0.00000
t2End         : 4.50000
tAvgIndex     : 2.25000

