Iteration     : 1
CompLabel     : FX
averageVal1   : -0.11386
averageVal2   : -0.11386
AVG_MAG_VAL   : -0.11386
rmsVal1       : -0.10042
rmsVal2       : -0.10042
AVG_RMS_Val   : -0.10042
amplitudeVal1 : 0.02047
amplitudeVal2 : 0.02047
AVG_AMP_VAL   : 0.02047
Label 1       : k
Label 2       : k
t1Start       : 0.00000
t1End         : 4.50000
t2Start       : 0.00000
t2End         : 4.50000
tAvgIndex     : 2.25000

