Iteration     : 1
CompLabel     : a
averageVal1   : 0.20880
averageVal2   : 1.01511
AVG_MAG_VAL   : 0.99947
rmsVal1       : 0.20880
rmsVal2       : 1.01511
AVG_RMS_Val   : 0.91920
amplitudeVal1 : 0.05584
amplitudeVal2 : 0.41981
AVG_AMP_VAL   : 0.59737
Label 1       : bpos
Label 2       : bpos
t1Start       : 0.00000
t1End         : 10.57500
t2Start       : 10.57500
t2End         : 10.62500
tAvgIndex     : 5.31250

Iteration     : 2
CompLabel     : nc
averageVal1   : 0.80225
averageVal2   : 1.52196
AVG_MAG_VAL   : 1.16210
rmsVal1       : 0.81943
rmsVal2       : 1.52863
AVG_RMS_Val   : 0.86721
amplitudeVal1 : 0.11094
amplitudeVal2 : 0.58342
AVG_AMP_VAL   : 0.34718
Label 1       : bpos
Label 2       : bpos
t1Start       : 10.62500
t1End         : 10.67500
t2Start       : 10.67500
t2End         : 10.72500
tAvgIndex     : 10.67500

Iteration     : 3
CompLabel     : pc
averageVal1   : 1.63465
averageVal2   : 1.34167
AVG_MAG_VAL   : 1.30430
rmsVal1       : 1.65559
rmsVal2       : 1.34985
AVG_RMS_Val   : 0.95580
amplitudeVal1 : 0.92412
amplitudeVal2 : 0.71176
AVG_AMP_VAL   : 0.60871
Label 1       : mneg
Label 2       : mneg
t1Start       : 10.72500
t1End         : 10.92500
t2Start       : 10.92500
t2End         : 10.96000
tAvgIndex     : 10.84250

