Iteration     : 1
CompLabel     : FX
averageVal1   : 0.00181
averageVal2   : 0.00181
AVG_MAG_VAL   : 0.00181
rmsVal1       : 0.00427
rmsVal2       : 0.00427
AVG_RMS_Val   : 0.00427
amplitudeVal1 : 0.00360
amplitudeVal2 : 0.00360
AVG_AMP_VAL   : 0.00360
Label 1       : k
Label 2       : k
t1Start       : 0.00000
t1End         : 4.49500
t2Start       : 0.00000
t2End         : 4.49500
tAvgIndex     : 2.24750

