Iteration     : 1
CompLabel     : FX
averageVal1   : -0.11317
averageVal2   : -0.11317
AVG_MAG_VAL   : -0.11317
rmsVal1       : -0.09903
rmsVal2       : -0.09903
AVG_RMS_Val   : -0.09903
amplitudeVal1 : 0.02186
amplitudeVal2 : 0.02186
AVG_AMP_VAL   : 0.02186
Label 1       : k
Label 2       : k
t1Start       : 0.00000
t1End         : 4.49500
t2Start       : 0.00000
t2End         : 4.49500
tAvgIndex     : 2.24750

