Iteration     : 1
CompLabel     : FX
averageVal1   : -2.48354
averageVal2   : -2.48354
AVG_MAG_VAL   : -2.48354
rmsVal1       : -1.55556
rmsVal2       : -1.55556
AVG_RMS_Val   : -1.55556
amplitudeVal1 : 0.26199
amplitudeVal2 : 0.26199
AVG_AMP_VAL   : 0.26199
Label 1       : k
Label 2       : k
t1Start       : 0.00000
t1End         : 4.49500
t2Start       : 0.00000
t2End         : 4.49500
tAvgIndex     : 2.24750

