Iteration     : 1
CompLabel     : FX
averageVal1   : 2.11031
averageVal2   : 2.11031
AVG_MAG_VAL   : 2.11031
rmsVal1       : 2.27444
rmsVal2       : 2.27444
AVG_RMS_Val   : 2.27444
amplitudeVal1 : 0.22244
amplitudeVal2 : 0.22244
AVG_AMP_VAL   : 0.22244
Label 1       : k
Label 2       : k
t1Start       : 0.00000
t1End         : 4.49500
t2Start       : 0.00000
t2End         : 4.49500
tAvgIndex     : 2.24750

