Iteration     : 1
CompLabel     : FX
averageVal1   : 2.09533
averageVal2   : -1.01730
AVG_MAG_VAL   : -0.20924
rmsVal1       : 2.19232
rmsVal2       : 2.19232
AVG_RMS_Val   : 3.43736
amplitudeVal1 : 2.75109
amplitudeVal2 : 1.29896
AVG_AMP_VAL   : 3.64639
Label 1       : a
Label 2       : a
t1Start       : 0.00000
t1End         : 4.10000
t2Start       : 4.10000
t2End         : 4.19000
tAvgIndex     : 2.09500

