Iteration : 2
Average   : -0.01793
Max Val   : -0.00720
Min Val   : -0.02866
Start     : 3.35000
Finish    : 3.40000
Gradient  : -0.42926
Grad Label: sneg  

Iteration : 3
Average   : -0.02351
Max Val   : 0.00145
Min Val   : -0.04847
Start     : 3.40000
Finish    : 3.45000
Gradient  : 0.99854
Grad Label: spos  

Iteration : 4
Average   : 0.09328
Max Val   : 0.20367
Min Val   : -0.01711
Start     : 3.45000
Finish    : 3.53500
Gradient  : 2.74378
Grad Label: mpos  

