Iteration : 2
Average   : -0.09954
Max Val   : -0.06671
Min Val   : -0.13237
Start     : 3.37500
Finish    : 3.45000
Gradient  : 0.87548
Grad Label: spos  

Iteration : 3
Average   : 0.13767
Max Val   : 0.38698
Min Val   : -0.11164
Start     : 3.45000
Finish    : 3.53500
Gradient  : 6.17264
Grad Label: bpos  

