Iteration     : 1
CompLabel     : FX
averageVal1   : 0.00289
averageVal2   : 0.00268
AVG_MAG_VAL   : 0.00278
rmsVal1       : 0.00690
rmsVal2       : 0.00690
AVG_RMS_Val   : 0.01500
amplitudeVal1 : 0.02465
amplitudeVal2 : 0.02465
AVG_AMP_VAL   : 0.02465
Label 1       : a
Label 2       : a
t1Start       : 0.00000
t1End         : 3.72500
t2Start       : 3.72500
t2End         : 3.76500
tAvgIndex     : 1.88250

