Iteration     : 1
CompLabel     : CT
averageVal1   : -0.02883
averageVal2   : -0.02883
AVG_MAG_VAL   : -0.02883
rmsVal1       : 10.62210
rmsVal2       : 10.62210
AVG_RMS_Val   : 10.62210
amplitudeVal1 : 13.02095
amplitudeVal2 : 13.02095
AVG_AMP_VAL   : 13.02095
Label 1       : pc
Label 2       : z
t1Start       : 0.00000
t1End         : 3.67500
t2Start       : 3.67500
t2End         : 3.76500
tAvgIndex     : 1.88250

