Iteration     : 1
CompLabel     : CT
averageVal1   : -0.51149
averageVal2   : -0.51149
AVG_MAG_VAL   : -0.51149
rmsVal1       : 10.06890
rmsVal2       : 10.06890
AVG_RMS_Val   : 10.06890
amplitudeVal1 : 12.60573
amplitudeVal2 : 12.60573
AVG_AMP_VAL   : 12.60573
Label 1       : pc
Label 2       : z
t1Start       : 0.00000
t1End         : 3.30000
t2Start       : 3.30000
t2End         : 3.43500
tAvgIndex     : 1.71750

