Iteration     : 1
CompLabel     : FX
averageVal1   : -0.10860
averageVal2   : 0.12031
AVG_MAG_VAL   : 0.00585
rmsVal1       : -0.10006
rmsVal2       : -0.10006
AVG_RMS_Val   : 0.36649
amplitudeVal1 : 0.22013
amplitudeVal2 : 0.42995
AVG_AMP_VAL   : 0.42995
Label 1       : a
Label 2       : a
t1Start       : 0.00000
t1End         : 3.32500
t2Start       : 3.32500
t2End         : 3.43500
tAvgIndex     : 1.71750

