Iteration     : 1
CompLabel     : FX
averageVal1   : -0.12752
averageVal2   : 0.00815
AVG_MAG_VAL   : 0.05291
rmsVal1       : -0.06632
rmsVal2       : -0.06632
AVG_RMS_Val   : 0.95371
amplitudeVal1 : 0.67380
amplitudeVal2 : 1.52964
AVG_AMP_VAL   : 1.52964
Label 1       : a
Label 2       : a
t1Start       : 0.00000
t1End         : 3.30000
t2Start       : 3.30000
t2End         : 3.43500
tAvgIndex     : 1.71750

