Iteration : 1
Average   : 0.00270
Max Val   : 0.00500
Min Val   : 0.00039
Start     : 0.00000
Finish    : 2.95000
Gradient  : -0.00156
Grad Label: cons  

Iteration : 2
Average   : -0.00791
Max Val   : -0.00190
Min Val   : -0.01393
Start     : 2.95000
Finish    : 3.50000
Gradient  : -0.02188
Grad Label: cons  

Iteration : 3
Average   : 0.00232
Max Val   : 0.02019
Min Val   : -0.01555
Start     : 3.50000
Finish    : 3.58000
Gradient  : 0.44577
Grad Label: spos  

