Iteration : 1
Average   : -0.10920
Max Val   : -0.10015
Min Val   : -0.11824
Start     : 0.00000
Finish    : 3.50000
Gradient  : -0.00517
Grad Label: cons  

Iteration : 2
Average   : 0.14995
Max Val   : 0.41887
Min Val   : -0.11898
Start     : 3.50000
Finish    : 3.58000
Gradient  : 6.61481
Grad Label: bpos  

