Iteration : 1
Average   : 2.05477
Max Val   : 2.05714
Min Val   : 2.05240
Start     : 0.00000
Finish    : 0.47500
Gradient  : 0.00997
Grad Label: cons  

Iteration : 2
Average   : 2.12980
Max Val   : 2.16757
Min Val   : 2.09203
Start     : 0.47500
Finish    : 3.50000
Gradient  : 0.02497
Grad Label: cons  

Iteration : 3
Average   : -0.60895
Max Val   : 2.19685
Min Val   : -3.41475
Start     : 3.50000
Finish    : 3.58000
Gradient  : -69.09144
Grad Label: bneg  

