Iteration : 1
Average   : 0.00090
Max Val   : 0.00206
Min Val   : -0.00027
Start     : 0.00000
Finish    : 3.50000
Gradient  : 0.00067
Grad Label: cons  

Iteration : 2
Average   : 0.10764
Max Val   : 0.21525
Min Val   : 0.00004
Start     : 3.50000
Finish    : 3.58000
Gradient  : 2.63066
Grad Label: mpos  

