Iteration : 2
Average   : 0.11984
Max Val   : 0.35570
Min Val   : -0.11602
Start     : 3.32500
Finish    : 3.44500
Gradient  : 4.20794
Grad Label: mpos  

