Iteration : 2
Average   : -1.70126
Max Val   : -1.58397
Min Val   : -1.81854
Start     : 0.30000
Finish    : 3.10000
Gradient  : -0.08377
Grad Label: cons  

Iteration : 3
Average   : -1.66463
Max Val   : -1.35646
Min Val   : -1.97280
Start     : 3.10000
Finish    : 3.32500
Gradient  : 2.73930
Grad Label: spos  

Iteration : 4
Average   : 4.17744
Max Val   : 10.09490
Min Val   : -1.74002
Start     : 3.32500
Finish    : 3.44500
Gradient  : 106.21763
Grad Label: pimp  

