Iteration : 2
Average   : 2.13240
Max Val   : 2.18825
Min Val   : 2.07655
Start     : 0.45000
Finish    : 3.32500
Gradient  : 0.03885
Grad Label: cons  

Iteration : 3
Average   : -0.37152
Max Val   : 2.20011
Min Val   : -2.94315
Start     : 3.32500
Finish    : 3.44500
Gradient  : -45.68453
Grad Label: mneg  

