Iteration     : 1
CompLabel     : a
averageVal1   : 0.56331
averageVal2   : -0.38641
AVG_MAG_VAL   : -0.03775
rmsVal1       : 0.56331
rmsVal2       : 1.01655
AVG_RMS_Val   : 0.51424
amplitudeVal1 : 0.30165
amplitudeVal2 : 1.50484
AVG_AMP_VAL   : 1.05305
Label 1       : bpos
Label 2       : bpos
t1Start       : 0.00000
t1End         : 7.72500
t2Start       : 7.72500
t2End         : 9.80500
tAvgIndex     : 4.90250

Iteration     : 1
CompLabel     : a
averageVal1   : 0.56331
averageVal2   : -0.38641
AVG_MAG_VAL   : -0.03775
rmsVal1       : 0.56331
rmsVal2       : 1.01655
AVG_RMS_Val   : 0.51424
amplitudeVal1 : 0.30165
amplitudeVal2 : 1.50484
AVG_AMP_VAL   : 1.05305
Label 1       : bpos
Label 2       : bpos
t1Start       : 0.00000
t1End         : 7.72500
t2Start       : 7.72500
t2End         : 9.80500
tAvgIndex     : 4.90250

