Iteration : 2
Average   : -0.01611
Max Val   : -0.01349
Min Val   : -0.01873
Start     : 3.35000
Finish    : 3.37500
Gradient  : 0.20974
Grad Label: spos  

Iteration : 3
Average   : -0.00837
Max Val   : 0.00445
Min Val   : -0.02120
Start     : 3.37500
Finish    : 3.40000
Gradient  : 0.76721
Grad Label: spos  

