Iteration : 2
Average   : -1.69940
Max Val   : -1.58162
Min Val   : -1.81718
Start     : 0.15000
Finish    : 3.12500
Gradient  : -0.07918
Grad Label: cons  

Iteration : 3
Average   : -1.58901
Max Val   : -1.01683
Min Val   : -2.16118
Start     : 3.12500
Finish    : 3.32500
Gradient  : 5.72176
Grad Label: spos  

Iteration : 4
Average   : 4.31385
Max Val   : 10.36850
Min Val   : -1.74079
Start     : 3.32500
Finish    : 3.40000
Gradient  : 174.13873
Grad Label: pimp  

