Iteration : 2
Average   : 0.14696
Max Val   : 0.40986
Min Val   : -0.11594
Start     : 3.32500
Finish    : 3.40000
Gradient  : 7.62584
Grad Label: pimp  

