Iteration : 2
Average   : 2.06082
Max Val   : 2.06290
Min Val   : 2.05873
Start     : 0.15000
Finish    : 0.37500
Gradient  : -0.01850
Grad Label: cons  

Iteration : 3
Average   : 2.12823
Max Val   : 2.17471
Min Val   : 2.08175
Start     : 0.37500
Finish    : 3.32500
Gradient  : 0.03151
Grad Label: cons  

Iteration : 4
Average   : -1.04706
Max Val   : 2.20017
Min Val   : -4.29430
Start     : 3.32500
Finish    : 3.40000
Gradient  : -95.10910
Grad Label: nimp  

