Iteration : 2
Average   : -0.00037
Max Val   : 0.00151
Min Val   : -0.00225
Start     : 1.82500
Finish    : 3.32500
Gradient  : -0.00251
Grad Label: cons  

Iteration : 3
Average   : -0.06499
Max Val   : -0.02261
Min Val   : -0.10738
Start     : 3.32500
Finish    : 3.37500
Gradient  : -1.69538
Grad Label: sneg  

Iteration : 4
Average   : -0.10912
Max Val   : -0.07476
Min Val   : -0.14349
Start     : 3.37500
Finish    : 3.40000
Gradient  : 2.40424
Grad Label: mpos  

