Iteration     : 1
CompLabel     : a
averageVal1   : -0.06424
averageVal2   : -0.06424
AVG_MAG_VAL   : -0.06424
rmsVal1       : 0.15611
rmsVal2       : 0.15611
AVG_RMS_Val   : 0.15611
amplitudeVal1 : 0.02146
amplitudeVal2 : 0.02146
AVG_AMP_VAL   : 0.02146
Label 1       : bneg
Label 2       : bneg
t1Start       : 0.00000
t1End         : 6.05500
t2Start       : 0.00000
t2End         : 6.05500
tAvgIndex     : 3.02750

