Iteration     : 1
CompLabel     : FX
averageVal1   : -0.15285
averageVal2   : -0.02600
AVG_MAG_VAL   : -0.08943
rmsVal1       : 0.24589
rmsVal2       : 0.14848
AVG_RMS_Val   : 0.24589
amplitudeVal1 : 0.39992
amplitudeVal2 : 0.10099
AVG_AMP_VAL   : 0.39992
Label 1       : bneg
Label 2       : bneg
t1Start       : 0.00000
t1End         : 5.95000
t2Start       : 5.95000
t2End         : 6.33000
tAvgIndex     : 4.55750

