Iteration     : 1
CompLabel     : a
averageVal1   : -0.09776
averageVal2   : 0.72787
AVG_MAG_VAL   : 0.56375
rmsVal1       : -0.02224
rmsVal2       : -0.02224
AVG_RMS_Val   : 4.51946
amplitudeVal1 : 3.86557
amplitudeVal2 : 0.68983
AVG_AMP_VAL   : 4.61024
Label 1       : bpos
Label 2       : bpos
t1Start       : 0.00000
t1End         : 6.02500
t2Start       : 6.02500
t2End         : 6.96000
tAvgIndex     : 3.48000

