Iteration     : 1
CompLabel     : FX
averageVal1   : -0.10864
averageVal2   : 0.18698
AVG_MAG_VAL   : 0.03917
rmsVal1       : -0.09879
rmsVal2       : -0.09879
AVG_RMS_Val   : 0.31175
amplitudeVal1 : 0.37868
amplitudeVal2 : 0.39606
AVG_AMP_VAL   : 0.39606
Label 1       : a
Label 2       : a
t1Start       : 0.00000
t1End         : 3.15000
t2Start       : 3.15000
t2End         : 3.25000
tAvgIndex     : 1.62500

