Iteration     : 1
CompLabel     : FX
averageVal1   : 0.00475
averageVal2   : 0.00475
AVG_MAG_VAL   : 0.00475
rmsVal1       : 0.01088
rmsVal2       : 0.01088
AVG_RMS_Val   : 0.01088
amplitudeVal1 : 0.01372
amplitudeVal2 : 0.01372
AVG_AMP_VAL   : 0.01372
Label 1       : k
Label 2       : k
t1Start       : 0.00000
t1End         : 3.25000
t2Start       : 0.00000
t2End         : 3.25000
tAvgIndex     : 1.62500

