Iteration     : 1
CompLabel     : FX
averageVal1   : 0.00288
averageVal2   : 0.18118
AVG_MAG_VAL   : 0.21081
rmsVal1       : 0.00405
rmsVal2       : 0.00405
AVG_RMS_Val   : 0.58640
amplitudeVal1 : 0.12020
amplitudeVal2 : 0.12184
AVG_AMP_VAL   : 0.52868
Label 1       : bpos
Label 2       : bpos
t1Start       : 0.00000
t1End         : 5.60000
t2Start       : 5.60000
t2End         : 6.94500
tAvgIndex     : 3.47250

