Iteration : 2
Average   : 2.06111
Max Val   : 2.06164
Min Val   : 2.06058
Start     : 0.15000
Finish    : 0.45000
Gradient  : 0.00355
Grad Label: cons  

Iteration : 3
Average   : 2.13738
Max Val   : 2.19440
Min Val   : 2.08036
Start     : 0.45000
Finish    : 3.50000
Gradient  : 0.03739
Grad Label: cons  

Iteration : 4
Average   : 0.73239
Max Val   : 2.19267
Min Val   : -0.72789
Start     : 3.50000
Finish    : 3.60500
Gradient  : -28.86765
Grad Label: mneg  

