Iteration : 2
Average   : 0.11508
Max Val   : 0.34881
Min Val   : -0.11865
Start     : 3.50000
Finish    : 3.60500
Gradient  : 4.60196
Grad Label: bpos  

