Iteration : 2
Average   : -0.00729
Max Val   : -0.00192
Min Val   : -0.01266
Start     : 2.92500
Finish    : 3.52500
Gradient  : -0.01791
Grad Label: cons  

Iteration : 3
Average   : 0.00447
Max Val   : 0.01621
Min Val   : -0.00727
Start     : 3.52500
Finish    : 3.60500
Gradient  : 0.27781
Grad Label: spos  

