Iteration : 2
Average   : -1.69993
Max Val   : -1.58580
Min Val   : -1.81407
Start     : 0.15000
Finish    : 3.10000
Gradient  : -0.07738
Grad Label: cons  

Iteration : 3
Average   : -1.64712
Max Val   : -1.35866
Min Val   : -1.93559
Start     : 3.10000
Finish    : 3.50000
Gradient  : 1.44231
Grad Label: spos  

Iteration : 4
Average   : 3.89807
Max Val   : 9.50462
Min Val   : -1.70848
Start     : 3.50000
Finish    : 3.60500
Gradient  : 110.26919
Grad Label: pimp  

