Iteration : 2
Average   : 0.00124
Max Val   : 0.00365
Min Val   : -0.00117
Start     : 1.82500
Finish    : 3.50000
Gradient  : 0.00288
Grad Label: cons  

Iteration : 3
Average   : 0.12638
Max Val   : 0.25157
Min Val   : 0.00119
Start     : 3.50000
Finish    : 3.60500
Gradient  : 2.45698
Grad Label: mpos  

