Iteration     : 1
CompLabel     : CT
averageVal1   : 1.11919
averageVal2   : 1.11919
AVG_MAG_VAL   : 1.11919
rmsVal1       : 9.56229
rmsVal2       : 9.56229
AVG_RMS_Val   : 9.56229
amplitudeVal1 : 11.42706
amplitudeVal2 : 11.42706
AVG_AMP_VAL   : 11.42706
Label 1       : pc
Label 2       : z
t1Start       : 0.00000
t1End         : 3.32500
t2Start       : 3.32500
t2End         : 3.47000
tAvgIndex     : 1.73500

