Iteration     : 1
CompLabel     : FX
averageVal1   : -0.13153
averageVal2   : 0.10057
AVG_MAG_VAL   : 0.03930
rmsVal1       : -0.06829
rmsVal2       : -0.06829
AVG_RMS_Val   : 1.17743
amplitudeVal1 : 0.71957
amplitudeVal2 : 2.15371
AVG_AMP_VAL   : 2.15371
Label 1       : a
Label 2       : a
t1Start       : 0.00000
t1End         : 3.32500
t2Start       : 3.32500
t2End         : 3.47000
tAvgIndex     : 1.73500

