Iteration     : 1
CompLabel     : FX
averageVal1   : -0.00775
averageVal2   : -0.00775
AVG_MAG_VAL   : -0.00775
rmsVal1       : 0.00455
rmsVal2       : 0.00455
AVG_RMS_Val   : 0.00455
amplitudeVal1 : 0.01911
amplitudeVal2 : 0.01911
AVG_AMP_VAL   : 0.01911
Label 1       : k
Label 2       : k
t1Start       : 0.00000
t1End         : 3.47000
t2Start       : 0.00000
t2End         : 3.47000
tAvgIndex     : 1.73500

