Iteration     : 1
CompLabel     : FX
averageVal1   : -0.10937
averageVal2   : 0.17051
AVG_MAG_VAL   : 0.03057
rmsVal1       : -0.09919
rmsVal2       : -0.09919
AVG_RMS_Val   : 0.29112
amplitudeVal1 : 0.36645
amplitudeVal2 : 0.37722
AVG_AMP_VAL   : 0.37722
Label 1       : a
Label 2       : a
t1Start       : 0.00000
t1End         : 3.32500
t2Start       : 3.32500
t2End         : 3.47000
tAvgIndex     : 1.73500

