Iteration     : 1
CompLabel     : FX
averageVal1   : -0.11525
averageVal2   : 0.19160
AVG_MAG_VAL   : 0.22014
rmsVal1       : -0.04646
rmsVal2       : -0.04646
AVG_RMS_Val   : 0.60349
amplitudeVal1 : 0.55250
amplitudeVal2 : 0.82377
AVG_AMP_VAL   : 0.82377
Label 1       : a
Label 2       : a
t1Start       : 0.00000
t1End         : 3.55000
t2Start       : 3.55000
t2End         : 3.66000
tAvgIndex     : 1.83000

