Iteration     : 1
CompLabel     : FX
averageVal1   : 2.09839
averageVal2   : -0.99025
AVG_MAG_VAL   : 0.45685
rmsVal1       : 2.21119
rmsVal2       : 2.21119
AVG_RMS_Val   : 2.67609
amplitudeVal1 : 1.18745
amplitudeVal2 : 2.33593
AVG_AMP_VAL   : 3.03976
Label 1       : a
Label 2       : a
t1Start       : 0.00000
t1End         : 3.70000
t2Start       : 3.70000
t2End         : 4.07500
tAvgIndex     : 2.03750

