Iteration : 2
Average   : 0.16415
Max Val   : 0.44431
Min Val   : -0.11601
Start     : 3.32500
Finish    : 3.42500
Gradient  : 5.92212
Grad Label: bpos  

