Iteration : 2
Average   : 2.13467
Max Val   : 2.19532
Min Val   : 2.07403
Start     : 0.47500
Finish    : 3.32500
Gradient  : 0.04256
Grad Label: cons  

Iteration : 3
Average   : -1.26199
Max Val   : 2.19989
Min Val   : -4.72386
Start     : 3.32500
Finish    : 3.42500
Gradient  : -71.57491
Grad Label: nimp  

