Iteration : 2
Average   : -1.70157
Max Val   : -1.58439
Min Val   : -1.81874
Start     : 0.32500
Finish    : 3.07500
Gradient  : -0.08522
Grad Label: cons  

Iteration : 3
Average   : -1.68908
Max Val   : -1.46593
Min Val   : -1.91223
Start     : 3.07500
Finish    : 3.32500
Gradient  : 1.78518
Grad Label: spos  

Iteration : 4
Average   : 4.73292
Max Val   : 11.20730
Min Val   : -1.74145
Start     : 3.32500
Finish    : 3.42500
Gradient  : 138.83789
Grad Label: pimp  

