Iteration : 2
Average   : -0.00918
Max Val   : -0.00064
Min Val   : -0.01773
Start     : 3.32500
Finish    : 3.37500
Gradient  : -0.34174
Grad Label: sneg  

Iteration : 3
Average   : -0.02065
Max Val   : -0.01410
Min Val   : -0.02720
Start     : 3.37500
Finish    : 3.40000
Gradient  : 0.52412
Grad Label: spos  

Iteration : 4
Average   : -0.00238
Max Val   : 0.01485
Min Val   : -0.01962
Start     : 3.40000
Finish    : 3.42500
Gradient  : 1.22790
Grad Label: spos  

