Iteration     : 1
CompLabel     : FX
averageVal1   : -0.07733
averageVal2   : -0.07733
AVG_MAG_VAL   : -0.07733
rmsVal1       : -0.00527
rmsVal2       : -0.00527
AVG_RMS_Val   : -0.00527
amplitudeVal1 : 0.09427
amplitudeVal2 : 0.09427
AVG_AMP_VAL   : 0.09427
Label 1       : k
Label 2       : k
t1Start       : 0.00000
t1End         : 4.50500
t2Start       : 0.00000
t2End         : 4.50500
tAvgIndex     : 2.25250

