Iteration     : 1
CompLabel     : FX
averageVal1   : 0.00282
averageVal2   : 0.01199
AVG_MAG_VAL   : 0.02057
rmsVal1       : 0.00443
rmsVal2       : 0.00443
AVG_RMS_Val   : 0.14452
amplitudeVal1 : 0.00837
amplitudeVal2 : 0.00310
AVG_AMP_VAL   : 0.15068
Label 1       : a
Label 2       : a
t1Start       : 0.00000
t1End         : 4.35000
t2Start       : 4.35000
t2End         : 4.49500
tAvgIndex     : 2.24750

