Iteration : 2
Average   : -0.02112
Max Val   : 0.02122
Min Val   : -0.06346
Start     : 3.32500
Finish    : 3.35000
Gradient  : 3.38718
Grad Label: mpos  

Iteration : 3
Average   : 0.05772
Max Val   : 0.10299
Min Val   : 0.01246
Start     : 3.35000
Finish    : 3.37500
Gradient  : 3.62103
Grad Label: mpos  

Iteration : 4
Average   : 0.22231
Max Val   : 0.36649
Min Val   : 0.07813
Start     : 3.37500
Finish    : 3.43500
Gradient  : 4.79852
Grad Label: bpos  

