Iteration : 2
Average   : 0.00531
Max Val   : 0.00954
Min Val   : 0.00109
Start     : 3.32500
Finish    : 3.35000
Gradient  : 0.33780
Grad Label: spos  

Iteration : 3
Average   : 0.04415
Max Val   : 0.08753
Min Val   : 0.00077
Start     : 3.35000
Finish    : 3.43500
Gradient  : 0.91154
Grad Label: spos  

