Iteration     : 1
CompLabel     : a
averageVal1   : -0.09360
averageVal2   : 2.73585
AVG_MAG_VAL   : 1.84048
rmsVal1       : -0.02224
rmsVal2       : -0.02224
AVG_RMS_Val   : 5.24413
amplitudeVal1 : 0.53700
amplitudeVal2 : 2.35583
AVG_AMP_VAL   : 3.44537
Label 1       : bpos
Label 2       : bpos
t1Start       : 0.00000
t1End         : 5.70000
t2Start       : 5.70000
t2End         : 5.86000
tAvgIndex     : 2.93000

