Iteration     : 1
CompLabel     : FX
averageVal1   : 3.13614
averageVal2   : 1.87225
AVG_MAG_VAL   : 2.40069
rmsVal1       : 2.20606
rmsVal2       : 2.20606
AVG_RMS_Val   : 3.95781
amplitudeVal1 : 2.96281
amplitudeVal2 : 0.97727
AVG_AMP_VAL   : 3.60684
Label 1       : a
Label 2       : a
t1Start       : 0.00000
t1End         : 3.65000
t2Start       : 3.65000
t2End         : 4.49500
tAvgIndex     : 2.24750

