Iteration : 2
Average   : -1.70097
Max Val   : -1.58307
Min Val   : -1.81886
Start     : 0.32500
Finish    : 3.07500
Gradient  : -0.08574
Grad Label: cons  

Iteration : 3
Average   : -1.70951
Max Val   : -1.55427
Min Val   : -1.86475
Start     : 3.07500
Finish    : 3.32500
Gradient  : 1.24191
Grad Label: spos  

Iteration : 4
Average   : 3.92800
Max Val   : 9.59882
Min Val   : -1.74282
Start     : 3.32500
Finish    : 3.46500
Gradient  : 86.94341
Grad Label: pimp  

