Iteration     : 1
CompLabel     : a
averageVal1   : 0.27597
averageVal2   : 0.90011
AVG_MAG_VAL   : 0.54538
rmsVal1       : 0.27597
rmsVal2       : 0.90014
AVG_RMS_Val   : 0.46677
amplitudeVal1 : 0.23680
amplitudeVal2 : 0.09548
AVG_AMP_VAL   : 0.27057
Label 1       : bpos
Label 2       : bpos
t1Start       : 0.00000
t1End         : 6.45000
t2Start       : 6.45000
t2End         : 9.43000
tAvgIndex     : 4.71500

Iteration     : 1
CompLabel     : a
averageVal1   : 0.27597
averageVal2   : 0.90011
AVG_MAG_VAL   : 0.54538
rmsVal1       : 0.27597
rmsVal2       : 0.90014
AVG_RMS_Val   : 0.46677
amplitudeVal1 : 0.23680
amplitudeVal2 : 0.09548
AVG_AMP_VAL   : 0.27057
Label 1       : bpos
Label 2       : bpos
t1Start       : 0.00000
t1End         : 6.45000
t2Start       : 6.45000
t2End         : 9.43000
tAvgIndex     : 4.71500

