Iteration     : 1
CompLabel     : a
averageVal1   : 0.02933
averageVal2   : -0.02847
AVG_MAG_VAL   : -0.00899
rmsVal1       : 0.02933
rmsVal2       : -0.02847
AVG_RMS_Val   : -0.00537
amplitudeVal1 : 0.01622
amplitudeVal2 : 0.04147
AVG_AMP_VAL   : 0.03497
Label 1       : bpos
Label 2       : bpos
t1Start       : 0.00000
t1End         : 8.57500
t2Start       : 8.57500
t2End         : 9.12500
tAvgIndex     : 4.56250

Iteration     : 2
CompLabel     : pc
averageVal1   : -0.10385
averageVal2   : -0.10385
AVG_MAG_VAL   : -0.10385
rmsVal1       : -0.10385
rmsVal2       : -0.10385
AVG_RMS_Val   : -0.10385
amplitudeVal1 : 0.02225
amplitudeVal2 : 0.02225
AVG_AMP_VAL   : 0.02225
Label 1       : bpos
Label 2       : none
t1Start       : 9.12500
t1End         : 9.21050
t2Start       : 9.21150
t2End         : 9.30000
tAvgIndex     : 9.21250

Iteration     : 3
CompLabel     : a
averageVal1   : 0.00610
averageVal2   : 0.00610
AVG_MAG_VAL   : 0.00610
rmsVal1       : 0.06388
rmsVal2       : 0.06388
AVG_RMS_Val   : 0.04517
amplitudeVal1 : 0.11575
amplitudeVal2 : 0.11575
AVG_AMP_VAL   : 0.11575
Label 1       : bneg
Label 2       : bneg
t1Start       : 9.30000
t1End         : 9.80500
t2Start       : 9.30000
t2End         : 9.80500
tAvgIndex     : 9.55250

