Iteration     : 1
CompLabel     : FX
averageVal1   : -0.10929
averageVal2   : 0.18244
AVG_MAG_VAL   : 0.03658
rmsVal1       : -0.09896
rmsVal2       : -0.09896
AVG_RMS_Val   : 0.34823
amplitudeVal1 : 0.37446
amplitudeVal2 : 0.46373
AVG_AMP_VAL   : 0.46373
Label 1       : a
Label 2       : a
t1Start       : 0.00000
t1End         : 3.32500
t2Start       : 3.32500
t2End         : 3.44000
tAvgIndex     : 1.72000

