Iteration     : 1
CompLabel     : CT
averageVal1   : 1.17587
averageVal2   : 1.17587
AVG_MAG_VAL   : 1.17587
rmsVal1       : 9.78422
rmsVal2       : 9.78422
AVG_RMS_Val   : 9.78422
amplitudeVal1 : 11.65547
amplitudeVal2 : 11.65547
AVG_AMP_VAL   : 11.65547
Label 1       : pc
Label 2       : z
t1Start       : 0.00000
t1End         : 3.32500
t2Start       : 3.32500
t2End         : 3.44000
tAvgIndex     : 1.72000

