Iteration     : 1
CompLabel     : FX
averageVal1   : -0.13064
averageVal2   : 0.30228
AVG_MAG_VAL   : 0.08582
rmsVal1       : -0.06782
rmsVal2       : -0.06782
AVG_RMS_Val   : 1.03195
amplitudeVal1 : 0.52148
amplitudeVal2 : 1.35708
AVG_AMP_VAL   : 1.35708
Label 1       : a
Label 2       : a
t1Start       : 0.00000
t1End         : 3.32500
t2Start       : 3.32500
t2End         : 3.44000
tAvgIndex     : 1.72000

