Iteration     : 1
CompLabel     : FX
averageVal1   : -0.10908
averageVal2   : 0.12555
AVG_MAG_VAL   : 0.00823
rmsVal1       : -0.09924
rmsVal2       : -0.09924
AVG_RMS_Val   : 0.36707
amplitudeVal1 : 0.48600
amplitudeVal2 : 0.48304
AVG_AMP_VAL   : 0.48600
Label 1       : a
Label 2       : a
t1Start       : 0.00000
t1End         : 3.32500
t2Start       : 3.32500
t2End         : 3.42000
tAvgIndex     : 1.71000

