Iteration     : 1
CompLabel     : FX
averageVal1   : 2.09407
averageVal2   : -0.53760
AVG_MAG_VAL   : 0.77824
rmsVal1       : 2.18781
rmsVal2       : 2.18781
AVG_RMS_Val   : 2.20060
amplitudeVal1 : 5.47639
amplitudeVal2 : 5.47639
AVG_AMP_VAL   : 5.47639
Label 1       : a
Label 2       : a
t1Start       : 0.00000
t1End         : 3.32500
t2Start       : 3.32500
t2End         : 3.42000
tAvgIndex     : 1.71000

