Iteration     : 1
CompLabel     : FX
averageVal1   : 0.00125
averageVal2   : 0.15020
AVG_MAG_VAL   : 0.12044
rmsVal1       : 0.01578
rmsVal2       : 0.01578
AVG_RMS_Val   : 0.43435
amplitudeVal1 : 0.19447
amplitudeVal2 : 0.31824
AVG_AMP_VAL   : 0.42858
Label 1       : bpos
Label 2       : bpos
t1Start       : 0.00000
t1End         : 3.70000
t2Start       : 3.70000
t2End         : 5.95500
tAvgIndex     : 2.97750

