Iteration     : 1
CompLabel     : FX
averageVal1   : -0.03143
averageVal2   : -0.03143
AVG_MAG_VAL   : -0.03143
rmsVal1       : 0.00402
rmsVal2       : 0.00402
AVG_RMS_Val   : 0.00402
amplitudeVal1 : 0.18447
amplitudeVal2 : 0.18447
AVG_AMP_VAL   : 0.18447
Label 1       : bneg
Label 2       : bneg
t1Start       : 0.00000
t1End         : 5.95500
t2Start       : 0.00000
t2End         : 5.95500
tAvgIndex     : 2.97750

