Iteration     : 1
CompLabel     : FX
averageVal1   : -0.13210
averageVal2   : 0.46414
AVG_MAG_VAL   : 0.19443
rmsVal1       : -0.02340
rmsVal2       : -0.02340
AVG_RMS_Val   : 1.81476
amplitudeVal1 : 0.71898
amplitudeVal2 : 1.54595
AVG_AMP_VAL   : 1.54595
Label 1       : bpos
Label 2       : bpos
t1Start       : 0.00000
t1End         : 3.17500
t2Start       : 3.17500
t2End         : 4.65500
tAvgIndex     : 2.32750

