Iteration     : 1
CompLabel     : FX
averageVal1   : -0.08637
averageVal2   : 1.05229
AVG_MAG_VAL   : 0.65786
rmsVal1       : 0.06978
rmsVal2       : 0.06978
AVG_RMS_Val   : 3.33546
amplitudeVal1 : 3.57776
amplitudeVal2 : 0.17079
AVG_AMP_VAL   : 3.57776
Label 1       : bpos
Label 2       : bpos
t1Start       : 0.00000
t1End         : 3.45000
t2Start       : 3.45000
t2End         : 6.11000
tAvgIndex     : 3.05500

