Iteration     : 1
CompLabel     : a
averageVal1   : -0.10221
averageVal2   : 1.03609
AVG_MAG_VAL   : 0.89462
rmsVal1       : -0.10221
rmsVal2       : 1.03609
AVG_RMS_Val   : 0.85668
amplitudeVal1 : 2.90418
amplitudeVal2 : 1.24310
AVG_AMP_VAL   : 4.18072
Label 1       : bpos
Label 2       : bpos
t1Start       : 0.00000
t1End         : 3.17500
t2Start       : 3.17500
t2End         : 4.61500
tAvgIndex     : 2.30750

