Iteration     : 1
CompLabel     : CT
averageVal1   : 3.12273
averageVal2   : 3.12273
AVG_MAG_VAL   : 3.12273
rmsVal1       : 9.97478
rmsVal2       : 9.97478
AVG_RMS_Val   : 9.97478
amplitudeVal1 : 7.70176
amplitudeVal2 : 7.70176
AVG_AMP_VAL   : 7.70176
Label 1       : pc
Label 2       : z
t1Start       : 0.00000
t1End         : 3.79000
t2Start       : 3.70000
t2End         : 3.79000
tAvgIndex     : 1.89500

