Iteration     : 1
CompLabel     : FX
averageVal1   : 0.00038
averageVal2   : 0.00038
AVG_MAG_VAL   : 0.00038
rmsVal1       : 0.01679
rmsVal2       : 0.01679
AVG_RMS_Val   : 0.01679
amplitudeVal1 : 0.03000
amplitudeVal2 : 0.03000
AVG_AMP_VAL   : 0.03000
Label 1       : k
Label 2       : k
t1Start       : 0.00000
t1End         : 3.79000
t2Start       : 0.00000
t2End         : 3.79000
tAvgIndex     : 1.89500

