Iteration     : 1
CompLabel     : FX
averageVal1   : -0.11012
averageVal2   : 0.25421
AVG_MAG_VAL   : 0.04416
rmsVal1       : -0.09972
rmsVal2       : -0.09972
AVG_RMS_Val   : 0.39725
amplitudeVal1 : 0.33454
amplitudeVal2 : 0.23745
AVG_AMP_VAL   : 0.33454
Label 1       : a
Label 2       : a
t1Start       : 0.00000
t1End         : 3.62500
t2Start       : 3.62500
t2End         : 3.79000
tAvgIndex     : 1.89500

