Iteration : 2
Average   : -1.70435
Max Val   : -1.59140
Min Val   : -1.81729
Start     : 0.35000
Finish    : 3.07500
Gradient  : -0.08290
Grad Label: cons  

Iteration : 3
Average   : -1.66910
Max Val   : -1.37674
Min Val   : -1.96145
Start     : 3.07500
Finish    : 3.32500
Gradient  : 2.33881
Grad Label: spos  

Iteration : 4
Average   : 4.09281
Max Val   : 9.92672
Min Val   : -1.74110
Start     : 3.32500
Finish    : 3.42500
Gradient  : 115.57360
Grad Label: pimp  

