Iteration : 2
Average   : -0.04677
Max Val   : -0.02031
Min Val   : -0.07323
Start     : 3.32500
Finish    : 3.37500
Gradient  : -1.05827
Grad Label: sneg  

Iteration : 3
Average   : -0.08457
Max Val   : -0.08128
Min Val   : -0.08786
Start     : 3.37500
Finish    : 3.40000
Gradient  : 0.26317
Grad Label: spos  

Iteration : 4
Average   : -0.07704
Max Val   : -0.04894
Min Val   : -0.10515
Start     : 3.40000
Finish    : 3.42500
Gradient  : -2.26453
Grad Label: sneg  

