Iteration : 2
Average   : 0.11656
Max Val   : 0.34910
Min Val   : -0.11597
Start     : 3.32500
Finish    : 3.42500
Gradient  : 4.41236
Grad Label: mpos  

