Iteration : 2
Average   : 0.00421
Max Val   : 0.00760
Min Val   : 0.00083
Start     : 3.35000
Finish    : 3.37500
Gradient  : 0.27062
Grad Label: spos  

Iteration : 3
Average   : 0.01218
Max Val   : 0.01688
Min Val   : 0.00747
Start     : 3.37500
Finish    : 3.40000
Gradient  : -0.37673
Grad Label: sneg  

Iteration : 4
Average   : 0.00298
Max Val   : 0.01006
Min Val   : -0.00410
Start     : 3.40000
Finish    : 3.42500
Gradient  : 0.17430
Grad Label: spos  

