Iteration : 1
Average   : -0.11006
Max Val   : -0.09887
Min Val   : -0.12124
Start     : 0.00000
Finish    : 4.50000
Gradient  : -0.00557
Grad Label: cons  

