Iteration : 2
Average   : -0.00261
Max Val   : -0.00129
Min Val   : -0.00393
Start     : 3.87500
Finish    : 4.50000
Gradient  : -0.00415
Grad Label: cons  

