Iteration : 2
Average   : -1.70060
Max Val   : -1.58595
Min Val   : -1.81525
Start     : 0.32500
Finish    : 3.02500
Gradient  : -0.08493
Grad Label: cons  

Iteration : 3
Average   : -1.68013
Max Val   : -1.60890
Min Val   : -1.75137
Start     : 3.02500
Finish    : 4.50000
Gradient  : 0.10591
Grad Label: cons  

