Iteration : 2
Average   : -0.01462
Max Val   : -0.00180
Min Val   : -0.02743
Start     : 3.00000
Finish    : 4.50000
Gradient  : -0.01887
Grad Label: cons  

