Iteration : 2
Average   : 2.15796
Max Val   : 2.25722
Min Val   : 2.05871
Start     : 0.47500
Finish    : 4.50000
Gradient  : 0.04919
Grad Label: cons  

