Iteration : 2
Average   : -0.08941
Max Val   : -0.07941
Min Val   : -0.09942
Start     : 1.50000
Finish    : 2.65000
Gradient  : -0.01740
Grad Label: cons  

Iteration : 3
Average   : -0.03409
Max Val   : 0.01111
Min Val   : -0.07929
Start     : 2.65000
Finish    : 4.12500
Gradient  : 0.06129
Grad Label: cons  

Iteration : 4
Average   : -0.01943
Max Val   : -0.00807
Min Val   : -0.03079
Start     : 4.12500
Finish    : 4.50000
Gradient  : -0.05902
Grad Label: cons  

