Iteration     : 1
CompLabel     : CT
averageVal1   : 2.69054
averageVal2   : 2.69054
AVG_MAG_VAL   : 2.69054
rmsVal1       : 10.06770
rmsVal2       : 10.06770
AVG_RMS_Val   : 10.06770
amplitudeVal1 : 6.19811
amplitudeVal2 : 6.19811
AVG_AMP_VAL   : 6.19811
Label 1       : pc
Label 2       : z
t1Start       : 0.00000
t1End         : 3.42000
t2Start       : 3.35000
t2End         : 3.42000
tAvgIndex     : 1.71000

