Iteration     : 1
CompLabel     : FX
averageVal1   : -0.16432
averageVal2   : 0.11810
AVG_MAG_VAL   : -0.02311
rmsVal1       : -0.09970
rmsVal2       : -0.09970
AVG_RMS_Val   : 0.36493
amplitudeVal1 : 0.08057
amplitudeVal2 : 0.24950
AVG_AMP_VAL   : 0.24950
Label 1       : a
Label 2       : a
t1Start       : 0.00000
t1End         : 3.30000
t2Start       : 3.30000
t2End         : 3.42000
tAvgIndex     : 1.71000

