Iteration : 2
Average   : 0.14793
Max Val   : 0.40518
Min Val   : -0.10931
Start     : 3.82500
Finish    : 3.90000
Gradient  : 6.85991
Grad Label: bpos  

Iteration : 3
Average   : 0.31994
Max Val   : 0.40686
Min Val   : 0.23302
Start     : 3.90000
Finish    : 4.00000
Gradient  : -1.73838
Grad Label: sneg  

Iteration : 4
Average   : 0.38575
Max Val   : 0.61689
Min Val   : 0.15462
Start     : 4.00000
Finish    : 4.05500
Gradient  : 7.62332
Grad Label: pimp  

