Iteration     : 1
CompLabel     : FX
averageVal1   : -0.11005
averageVal2   : 0.14289
AVG_MAG_VAL   : 0.01642
rmsVal1       : -0.09968
rmsVal2       : -0.09968
AVG_RMS_Val   : 0.40421
amplitudeVal1 : 0.52463
amplitudeVal2 : 0.52264
AVG_AMP_VAL   : 0.52463
Label 1       : a
Label 2       : a
t1Start       : 0.00000
t1End         : 3.62500
t2Start       : 3.62500
t2End         : 3.72500
tAvgIndex     : 1.86250

