Iteration     : 1
CompLabel     : CT
averageVal1   : 0.91269
averageVal2   : 0.91269
AVG_MAG_VAL   : 0.91269
rmsVal1       : 10.31400
rmsVal2       : 10.31400
AVG_RMS_Val   : 10.31400
amplitudeVal1 : 12.15783
amplitudeVal2 : 12.15783
AVG_AMP_VAL   : 12.15783
Label 1       : pc
Label 2       : z
t1Start       : 0.00000
t1End         : 3.62500
t2Start       : 3.62500
t2End         : 3.72500
tAvgIndex     : 1.86250

