Iteration     : 1
CompLabel     : FX
averageVal1   : 0.00535
averageVal2   : 0.00535
AVG_MAG_VAL   : 0.00535
rmsVal1       : 0.02164
rmsVal2       : 0.02164
AVG_RMS_Val   : 0.02164
amplitudeVal1 : 0.03282
amplitudeVal2 : 0.03282
AVG_AMP_VAL   : 0.03282
Label 1       : k
Label 2       : k
t1Start       : 0.00000
t1End         : 3.72500
t2Start       : 0.00000
t2End         : 3.72500
tAvgIndex     : 1.86250

