Iteration     : 1
CompLabel     : FX
averageVal1   : -0.09461
averageVal2   : 0.11162
AVG_MAG_VAL   : 0.15508
rmsVal1       : -0.02172
rmsVal2       : -0.02172
AVG_RMS_Val   : 0.39734
amplitudeVal1 : 0.38742
amplitudeVal2 : 0.46477
AVG_AMP_VAL   : 0.46477
Label 1       : a
Label 2       : a
t1Start       : 0.00000
t1End         : 3.62500
t2Start       : 3.62500
t2End         : 3.73500
tAvgIndex     : 1.86750

