Iteration : 2
Average   : -0.00283
Max Val   : 0.00009
Min Val   : -0.00575
Start     : 3.85000
Finish    : 4.30000
Gradient  : -0.01298
Grad Label: cons  

Iteration : 3
Average   : -0.13985
Max Val   : -0.00331
Min Val   : -0.27639
Start     : 4.30000
Finish    : 4.40500
Gradient  : -2.93162
Grad Label: mneg  

