Iteration : 2
Average   : -0.01847
Max Val   : 0.00001
Min Val   : -0.03695
Start     : 2.97500
Finish    : 4.32500
Gradient  : -0.02738
Grad Label: cons  

Iteration : 3
Average   : -0.08598
Max Val   : -0.06976
Min Val   : -0.10220
Start     : 4.32500
Finish    : 4.37500
Gradient  : -0.64879
Grad Label: sneg  

Iteration : 4
Average   : -0.10626
Max Val   : -0.10286
Min Val   : -0.10967
Start     : 4.37500
Finish    : 4.40500
Gradient  : 0.17664
Grad Label: spos  

