Iteration : 2
Average   : 2.16455
Max Val   : 2.26086
Min Val   : 2.06824
Start     : 0.50000
Finish    : 4.30000
Gradient  : 0.05069
Grad Label: cons  

Iteration : 3
Average   : 0.32667
Max Val   : 2.26956
Min Val   : -1.61622
Start     : 4.30000
Finish    : 4.40500
Gradient  : -45.56155
Grad Label: mneg  

