Iteration : 2
Average   : 0.28190
Max Val   : 0.68607
Min Val   : -0.12228
Start     : 4.30000
Finish    : 4.40500
Gradient  : 8.88808
Grad Label: pimp  

