Iteration : 2
Average   : -1.69847
Max Val   : -1.58124
Min Val   : -1.81570
Start     : 0.32500
Finish    : 3.00000
Gradient  : -0.08765
Grad Label: cons  

Iteration : 3
Average   : -1.65126
Max Val   : -1.53246
Min Val   : -1.77005
Start     : 3.00000
Finish    : 4.30000
Gradient  : 0.18276
Grad Label: cons  

Iteration : 4
Average   : 4.19473
Max Val   : 9.97887
Min Val   : -1.58941
Start     : 4.30000
Finish    : 4.40500
Gradient  : 126.82462
Grad Label: pimp  

