Iteration : 1
Average   : -0.10860
Max Val   : -0.09881
Min Val   : -0.11838
Start     : 0.00000
Finish    : 3.15000
Gradient  : -0.00621
Grad Label: cons  

Iteration : 2
Average   : 0.13771
Max Val   : 0.39195
Min Val   : -0.11654
Start     : 3.15000
Finish    : 3.23000
Gradient  : 6.68829
Grad Label: bpos  

