Iteration : 1
Average   : 2.05406
Max Val   : 2.05643
Min Val   : 2.05168
Start     : 0.00000
Finish    : 0.45000
Gradient  : 0.01056
Grad Label: cons  

Iteration : 2
Average   : 2.12736
Max Val   : 2.17744
Min Val   : 2.07728
Start     : 0.45000
Finish    : 3.15000
Gradient  : 0.03710
Grad Label: cons  

Iteration : 3
Average   : -0.71732
Max Val   : 2.20111
Min Val   : -3.63576
Start     : 3.15000
Finish    : 3.23000
Gradient  : -74.33950
Grad Label: nimp  

