Iteration : 2
Average   : 0.00015
Max Val   : 0.00126
Min Val   : -0.00096
Start     : 0.32500
Finish    : 3.32500
Gradient  : -0.00074
Grad Label: cons  

Iteration : 3
Average   : -0.04308
Max Val   : -0.01470
Min Val   : -0.07146
Start     : 3.32500
Finish    : 3.37500
Gradient  : -1.13515
Grad Label: sneg  

Iteration : 4
Average   : 0.01150
Max Val   : 0.13264
Min Val   : -0.10964
Start     : 3.37500
Finish    : 3.44500
Gradient  : 3.63580
Grad Label: mpos  

