Iteration : 2
Average   : 0.00231
Max Val   : 0.00428
Min Val   : 0.00034
Start     : 0.32500
Finish    : 3.32500
Gradient  : -0.00132
Grad Label: cons  

Iteration : 3
Average   : 0.02431
Max Val   : 0.04959
Min Val   : -0.00097
Start     : 3.32500
Finish    : 3.44500
Gradient  : 0.46154
Grad Label: spos  

