Iteration : 2
Average   : -0.10994
Max Val   : -0.10106
Min Val   : -0.11883
Start     : 0.15000
Finish    : 3.32500
Gradient  : -0.00560
Grad Label: cons  

Iteration : 3
Average   : 0.13402
Max Val   : 0.38461
Min Val   : -0.11657
Start     : 3.32500
Finish    : 3.44500
Gradient  : 4.14783
Grad Label: mpos  

