Iteration     : 1
CompLabel     : FX
averageVal1   : 0.00713
averageVal2   : 0.02213
AVG_MAG_VAL   : 0.01463
rmsVal1       : 0.01365
rmsVal2       : 0.01365
AVG_RMS_Val   : 0.03087
amplitudeVal1 : 0.01776
amplitudeVal2 : 0.01749
AVG_AMP_VAL   : 0.01776
Label 1       : a
Label 2       : a
t1Start       : 0.00000
t1End         : 3.25000
t2Start       : 3.25000
t2End         : 3.30000
tAvgIndex     : 1.65000

