Iteration     : 1
CompLabel     : FX
averageVal1   : -0.10831
averageVal2   : 0.21161
AVG_MAG_VAL   : 0.01985
rmsVal1       : -0.10057
rmsVal2       : -0.10057
AVG_RMS_Val   : 0.37801
amplitudeVal1 : 0.20075
amplitudeVal2 : 0.27407
AVG_AMP_VAL   : 0.27407
Label 1       : a
Label 2       : a
t1Start       : 0.00000
t1End         : 3.32500
t2Start       : 3.32500
t2End         : 3.44000
tAvgIndex     : 1.72000

