Iteration     : 1
CompLabel     : FX
averageVal1   : -0.12865
averageVal2   : 0.42186
AVG_MAG_VAL   : 0.14660
rmsVal1       : -0.07238
rmsVal2       : -0.07238
AVG_RMS_Val   : 1.25008
amplitudeVal1 : 1.12496
amplitudeVal2 : 1.53736
AVG_AMP_VAL   : 1.53736
Label 1       : a
Label 2       : a
t1Start       : 0.00000
t1End         : 3.30000
t2Start       : 3.30000
t2End         : 3.44000
tAvgIndex     : 1.72000

