Iteration     : 1
CompLabel     : FX
averageVal1   : 0.00239
averageVal2   : 0.00594
AVG_MAG_VAL   : 0.00416
rmsVal1       : 0.00512
rmsVal2       : 0.00512
AVG_RMS_Val   : 0.03678
amplitudeVal1 : 0.03712
amplitudeVal2 : 0.04946
AVG_AMP_VAL   : 0.04946
Label 1       : a
Label 2       : a
t1Start       : 0.00000
t1End         : 3.35000
t2Start       : 3.35000
t2End         : 3.44000
tAvgIndex     : 1.72000

