Iteration     : 1
CompLabel     : CT
averageVal1   : 1.21557
averageVal2   : 1.21557
AVG_MAG_VAL   : 1.21557
rmsVal1       : 10.26890
rmsVal2       : 10.26890
AVG_RMS_Val   : 10.26890
amplitudeVal1 : 13.26163
amplitudeVal2 : 13.26163
AVG_AMP_VAL   : 13.26163
Label 1       : pc
Label 2       : z
t1Start       : 0.00000
t1End         : 3.30000
t2Start       : 3.30000
t2End         : 3.44000
tAvgIndex     : 1.72000

