Iteration     : 1
CompLabel     : FX
averageVal1   : -0.10907
averageVal2   : 0.20266
AVG_MAG_VAL   : 0.04679
rmsVal1       : -0.09922
rmsVal2       : -0.09922
AVG_RMS_Val   : 0.38812
amplitudeVal1 : 0.38118
amplitudeVal2 : 0.47718
AVG_AMP_VAL   : 0.47718
Label 1       : a
Label 2       : a
t1Start       : 0.00000
t1End         : 3.32500
t2Start       : 3.32500
t2End         : 3.43000
tAvgIndex     : 1.71500

