Iteration     : 1
CompLabel     : FX
averageVal1   : 2.09234
averageVal2   : -1.31314
AVG_MAG_VAL   : 0.38960
rmsVal1       : 2.18851
rmsVal2       : 2.18851
AVG_RMS_Val   : 2.25103
amplitudeVal1 : 3.42190
amplitudeVal2 : 4.25541
AVG_AMP_VAL   : 4.25541
Label 1       : a
Label 2       : a
t1Start       : 0.00000
t1End         : 3.32500
t2Start       : 3.32500
t2End         : 3.43000
tAvgIndex     : 1.71500

