Iteration : 2
Average   : -0.09676
Max Val   : -0.09282
Min Val   : -0.10070
Start     : 0.15000
Finish    : 0.45000
Gradient  : -0.02628
Grad Label: cons  

Iteration : 3
Average   : -0.11234
Max Val   : -0.10253
Min Val   : -0.12215
Start     : 0.45000
Finish    : 3.85000
Gradient  : -0.00577
Grad Label: cons  

Iteration : 4
Average   : -0.11977
Max Val   : -0.11939
Min Val   : -0.12014
Start     : 3.85000
Finish    : 4.50500
Gradient  : -0.00114
Grad Label: cons  

