Iteration : 2
Average   : -0.00241
Max Val   : -0.00134
Min Val   : -0.00349
Start     : 3.90000
Finish    : 4.50500
Gradient  : -0.00354
Grad Label: cons  

