Iteration : 2
Average   : 1.96758
Max Val   : 2.04274
Min Val   : 1.89242
Start     : 0.15000
Finish    : 0.30000
Gradient  : 1.00209
Grad Label: spos  

Iteration : 3
Average   : 2.14227
Max Val   : 2.25141
Min Val   : 2.03312
Start     : 0.30000
Finish    : 4.50500
Gradient  : 0.04897
Grad Label: cons  

