Iteration : 2
Average   : 0.00188
Max Val   : 0.00364
Min Val   : 0.00012
Start     : 1.00000
Finish    : 3.07500
Gradient  : -0.00170
Grad Label: cons  

Iteration : 3
Average   : -0.01153
Max Val   : -0.00187
Min Val   : -0.02119
Start     : 3.07500
Finish    : 4.50500
Gradient  : -0.01482
Grad Label: cons  

