Iteration : 2
Average   : -1.50243
Max Val   : -1.44108
Min Val   : -1.56378
Start     : 0.15000
Finish    : 0.32500
Gradient  : -0.70112
Grad Label: cons  

Iteration : 3
Average   : -1.69834
Max Val   : -1.57995
Min Val   : -1.81673
Start     : 0.32500
Finish    : 3.02500
Gradient  : -0.08770
Grad Label: cons  

Iteration : 4
Average   : -1.69010
Max Val   : -1.62653
Min Val   : -1.75367
Start     : 3.02500
Finish    : 4.50500
Gradient  : 0.09430
Grad Label: cons  

