Iteration     : 1
CompLabel     : FX
averageVal1   : 3.16207
averageVal2   : 3.16207
AVG_MAG_VAL   : 3.16207
rmsVal1       : 2.30346
rmsVal2       : 2.30346
AVG_RMS_Val   : 2.30346
amplitudeVal1 : 0.24751
amplitudeVal2 : 0.24751
AVG_AMP_VAL   : 0.24751
Label 1       : k
Label 2       : k
t1Start       : 0.00000
t1End         : 4.50000
t2Start       : 0.00000
t2End         : 4.50000
tAvgIndex     : 2.25000

