Iteration     : 1
CompLabel     : FX
averageVal1   : -2.45775
averageVal2   : -2.45775
AVG_MAG_VAL   : -2.45775
rmsVal1       : -1.50543
rmsVal2       : -1.50543
AVG_RMS_Val   : -1.50543
amplitudeVal1 : 0.31171
amplitudeVal2 : 0.31171
AVG_AMP_VAL   : 0.31171
Label 1       : k
Label 2       : k
t1Start       : 0.00000
t1End         : 4.50000
t2Start       : 0.00000
t2End         : 4.50000
tAvgIndex     : 2.25000

