Iteration     : 1
CompLabel     : FX
averageVal1   : -0.13004
averageVal2   : -0.13004
AVG_MAG_VAL   : -0.13004
rmsVal1       : -0.07325
rmsVal2       : -0.07325
AVG_RMS_Val   : -0.07325
amplitudeVal1 : 0.05916
amplitudeVal2 : 0.05916
AVG_AMP_VAL   : 0.05916
Label 1       : k
Label 2       : k
t1Start       : 0.00000
t1End         : 4.50000
t2Start       : 0.00000
t2End         : 4.50000
tAvgIndex     : 2.25000

