Iteration     : 1
CompLabel     : FX
averageVal1   : 0.00268
averageVal2   : 0.00268
AVG_MAG_VAL   : 0.00268
rmsVal1       : 0.00442
rmsVal2       : 0.00442
AVG_RMS_Val   : 0.00442
amplitudeVal1 : 0.00348
amplitudeVal2 : 0.00348
AVG_AMP_VAL   : 0.00348
Label 1       : k
Label 2       : k
t1Start       : 0.00000
t1End         : 4.50000
t2Start       : 0.00000
t2End         : 4.50000
tAvgIndex     : 2.25000

