Iteration : 2
Average   : -0.08981
Max Val   : -0.08082
Min Val   : -0.09881
Start     : 1.55000
Finish    : 2.65000
Gradient  : -0.01636
Grad Label: cons  

Iteration : 3
Average   : -0.02144
Max Val   : 0.03235
Min Val   : -0.07523
Start     : 2.65000
Finish    : 4.12500
Gradient  : 0.07294
Grad Label: cons  

Iteration : 4
Average   : -0.00472
Max Val   : 0.00849
Min Val   : -0.01794
Start     : 4.12500
Finish    : 4.49500
Gradient  : -0.06801
Grad Label: cons  

