Iteration : 2
Average   : -0.01730
Max Val   : -0.00200
Min Val   : -0.03259
Start     : 2.97500
Finish    : 4.49500
Gradient  : -0.02235
Grad Label: cons  

