Iteration : 2
Average   : -1.69925
Max Val   : -1.58315
Min Val   : -1.81534
Start     : 0.30000
Finish    : 3.02500
Gradient  : -0.08521
Grad Label: cons  

Iteration : 3
Average   : -1.67629
Max Val   : -1.60254
Min Val   : -1.75004
Start     : 3.02500
Finish    : 4.49500
Gradient  : 0.10963
Grad Label: cons  

