Iteration : 1
Average   : -0.11007
Max Val   : -0.09886
Min Val   : -0.12129
Start     : 0.00000
Finish    : 4.49500
Gradient  : -0.00565
Grad Label: cons  

