Iteration : 2
Average   : -0.00283
Max Val   : -0.00115
Min Val   : -0.00452
Start     : 3.82500
Finish    : 4.49500
Gradient  : -0.00504
Grad Label: cons  

