Iteration : 2
Average   : 2.15325
Max Val   : 2.24780
Min Val   : 2.05871
Start     : 0.47500
Finish    : 4.49500
Gradient  : 0.04727
Grad Label: cons  

