Iteration     : 1
CompLabel     : FX
averageVal1   : 2.10996
averageVal2   : 2.10996
AVG_MAG_VAL   : 2.10996
rmsVal1       : 2.27124
rmsVal2       : 2.27124
AVG_RMS_Val   : 2.27124
amplitudeVal1 : 0.21857
amplitudeVal2 : 0.21857
AVG_AMP_VAL   : 0.21857
Label 1       : k
Label 2       : k
t1Start       : 0.00000
t1End         : 4.49500
t2Start       : 0.00000
t2End         : 4.49500
tAvgIndex     : 2.24750

