Iteration     : 1
CompLabel     : FX
averageVal1   : -0.13887
averageVal2   : -0.13887
AVG_MAG_VAL   : -0.13887
rmsVal1       : -0.07361
rmsVal2       : -0.07361
AVG_RMS_Val   : -0.07361
amplitudeVal1 : 0.03207
amplitudeVal2 : 0.03207
AVG_AMP_VAL   : 0.03207
Label 1       : k
Label 2       : k
t1Start       : 0.00000
t1End         : 4.49500
t2Start       : 0.00000
t2End         : 4.49500
tAvgIndex     : 2.24750

