Iteration     : 1
CompLabel     : FX
averageVal1   : -2.48634
averageVal2   : -2.48634
AVG_MAG_VAL   : -2.48634
rmsVal1       : -1.55747
rmsVal2       : -1.55747
AVG_RMS_Val   : -1.55747
amplitudeVal1 : 0.25990
amplitudeVal2 : 0.25990
AVG_AMP_VAL   : 0.25990
Label 1       : k
Label 2       : k
t1Start       : 0.00000
t1End         : 4.49500
t2Start       : 0.00000
t2End         : 4.49500
tAvgIndex     : 2.24750

