Iteration : 1
Average   : 0.00221
Max Val   : 0.00572
Min Val   : -0.00130
Start     : 0.00000
Finish    : 3.17500
Gradient  : -0.00221
Grad Label: cons  

Iteration : 2
Average   : -0.03776
Max Val   : -0.00394
Min Val   : -0.07158
Start     : 3.17500
Finish    : 3.20500
Gradient  : -1.78903
Grad Label: sneg  

