Iteration : 1
Average   : 2.05434
Max Val   : 2.05698
Min Val   : 2.05170
Start     : 0.00000
Finish    : 0.47500
Gradient  : 0.01112
Grad Label: cons  

Iteration : 2
Average   : 2.11984
Max Val   : 2.14389
Min Val   : 2.09579
Start     : 0.47500
Finish    : 3.15000
Gradient  : 0.01798
Grad Label: cons  

Iteration : 3
Average   : -1.11682
Max Val   : 1.96624
Min Val   : -4.19988
Start     : 3.15000
Finish    : 3.20500
Gradient  : -121.24345
Grad Label: nimp  

