Iteration : 1
Average   : 0.00038
Max Val   : 0.00071
Min Val   : 0.00005
Start     : 0.00000
Finish    : 3.12500
Gradient  : -0.00021
Grad Label: cons  

Iteration : 2
Average   : -0.00579
Max Val   : 0.02260
Min Val   : -0.03418
Start     : 3.12500
Finish    : 3.15000
Gradient  : -2.27132
Grad Label: sneg  

Iteration : 3
Average   : -0.09596
Max Val   : -0.01089
Min Val   : -0.18103
Start     : 3.15000
Finish    : 3.20500
Gradient  : -3.02332
Grad Label: mneg  

