Iteration : 1
Average   : -0.10788
Max Val   : -0.10031
Min Val   : -0.11545
Start     : 0.00000
Finish    : 3.15000
Gradient  : -0.00481
Grad Label: cons  

Iteration : 2
Average   : 0.15060
Max Val   : 0.39592
Min Val   : -0.09472
Start     : 3.15000
Finish    : 3.20500
Gradient  : 9.60379
Grad Label: pimp  

