Iteration     : 1
CompLabel     : FX
averageVal1   : -2.48373
averageVal2   : -2.48373
AVG_MAG_VAL   : -2.48373
rmsVal1       : -1.55688
rmsVal2       : -1.55688
AVG_RMS_Val   : -1.55688
amplitudeVal1 : 0.26070
amplitudeVal2 : 0.26070
AVG_AMP_VAL   : 0.26070
Label 1       : k
Label 2       : k
t1Start       : 0.00000
t1End         : 4.50000
t2Start       : 0.00000
t2End         : 4.50000
tAvgIndex     : 2.25000

