Iteration     : 1
CompLabel     : FX
averageVal1   : 2.10945
averageVal2   : 2.10945
AVG_MAG_VAL   : 2.10945
rmsVal1       : 2.26996
rmsVal2       : 2.26996
AVG_RMS_Val   : 2.26996
amplitudeVal1 : 0.21799
amplitudeVal2 : 0.21799
AVG_AMP_VAL   : 0.21799
Label 1       : k
Label 2       : k
t1Start       : 0.00000
t1End         : 4.50000
t2Start       : 0.00000
t2End         : 4.50000
tAvgIndex     : 2.25000

