Iteration     : 1
CompLabel     : FX
averageVal1   : -0.11322
averageVal2   : -0.11322
AVG_MAG_VAL   : -0.11322
rmsVal1       : -0.09910
rmsVal2       : -0.09910
AVG_RMS_Val   : -0.09910
amplitudeVal1 : 0.02179
amplitudeVal2 : 0.02179
AVG_AMP_VAL   : 0.02179
Label 1       : k
Label 2       : k
t1Start       : 0.00000
t1End         : 4.50000
t2Start       : 0.00000
t2End         : 4.50000
tAvgIndex     : 2.25000

