Iteration     : 1
CompLabel     : FX
averageVal1   : -0.11284
averageVal2   : 0.40414
AVG_MAG_VAL   : 0.26670
rmsVal1       : -0.09895
rmsVal2       : -0.09895
AVG_RMS_Val   : 0.41424
amplitudeVal1 : 0.50920
amplitudeVal2 : 0.02019
AVG_AMP_VAL   : 0.55681
Label 1       : a
Label 2       : a
t1Start       : 0.00000
t1End         : 4.55000
t2Start       : 4.55000
t2End         : 4.79500
tAvgIndex     : 2.39750

