Iteration     : 1
CompLabel     : FX
averageVal1   : -0.00117
averageVal2   : -0.00117
AVG_MAG_VAL   : -0.00117
rmsVal1       : 0.00490
rmsVal2       : 0.00490
AVG_RMS_Val   : 0.00490
amplitudeVal1 : 0.01711
amplitudeVal2 : 0.01711
AVG_AMP_VAL   : 0.01711
Label 1       : k
Label 2       : k
t1Start       : 0.00000
t1End         : 4.79500
t2Start       : 0.00000
t2End         : 4.79500
tAvgIndex     : 2.39750

