Iteration     : 1
CompLabel     : FX
averageVal1   : -0.10031
averageVal2   : -0.75156
AVG_MAG_VAL   : 0.47687
rmsVal1       : -0.02267
rmsVal2       : -0.02267
AVG_RMS_Val   : 4.16574
amplitudeVal1 : 0.62082
amplitudeVal2 : 2.12949
AVG_AMP_VAL   : 5.60283
Label 1       : a
Label 2       : a
t1Start       : 0.00000
t1End         : 4.40000
t2Start       : 4.40000
t2End         : 4.50500
tAvgIndex     : 2.25250

