Iteration     : 1
CompLabel     : a
averageVal1   : 0.00011
averageVal2   : 0.21369
AVG_MAG_VAL   : 0.17325
rmsVal1       : 0.00400
rmsVal2       : 0.00400
AVG_RMS_Val   : 0.34874
amplitudeVal1 : 0.11423
amplitudeVal2 : 0.00805
AVG_AMP_VAL   : 0.29674
Label 1       : bpos
Label 2       : bpos
t1Start       : 0.00000
t1End         : 4.97500
t2Start       : 4.97500
t2End         : 5.58500
tAvgIndex     : 2.79250

