Iteration     : 1
CompLabel     : a
averageVal1   : -0.05845
averageVal2   : 0.21558
AVG_MAG_VAL   : 0.06237
rmsVal1       : -0.02340
rmsVal2       : -0.02340
AVG_RMS_Val   : 0.39230
amplitudeVal1 : 0.09413
amplitudeVal2 : 0.27136
AVG_AMP_VAL   : 0.27136
Label 1       : bpos
Label 2       : bpos
t1Start       : 0.00000
t1End         : 0.15000
t2Start       : 0.15000
t2End         : 5.58500
tAvgIndex     : 2.79250

