Iteration     : 1
CompLabel     : FX
averageVal1   : 3.15837
averageVal2   : 3.15837
AVG_MAG_VAL   : 3.15837
rmsVal1       : 2.29021
rmsVal2       : 2.29021
AVG_RMS_Val   : 2.29021
amplitudeVal1 : 0.22984
amplitudeVal2 : 0.22984
AVG_AMP_VAL   : 0.22984
Label 1       : k
Label 2       : k
t1Start       : 0.00000
t1End         : 4.49500
t2Start       : 0.00000
t2End         : 4.49500
tAvgIndex     : 2.24750

