Iteration     : 1
CompLabel     : FX
averageVal1   : -0.11835
averageVal2   : -0.11835
AVG_MAG_VAL   : -0.11835
rmsVal1       : -0.06981
rmsVal2       : -0.06981
AVG_RMS_Val   : -0.06981
amplitudeVal1 : 0.03592
amplitudeVal2 : 0.03592
AVG_AMP_VAL   : 0.03592
Label 1       : k
Label 2       : k
t1Start       : 0.00000
t1End         : 4.49500
t2Start       : 0.00000
t2End         : 4.49500
tAvgIndex     : 2.24750

