Iteration     : 1
CompLabel     : FX
averageVal1   : -2.47563
averageVal2   : -2.47563
AVG_MAG_VAL   : -2.47563
rmsVal1       : -1.51376
rmsVal2       : -1.51376
AVG_RMS_Val   : -1.51376
amplitudeVal1 : 0.29846
amplitudeVal2 : 0.29846
AVG_AMP_VAL   : 0.29846
Label 1       : k
Label 2       : k
t1Start       : 0.00000
t1End         : 4.49500
t2Start       : 0.00000
t2End         : 4.49500
tAvgIndex     : 2.24750

