Iteration     : 1
CompLabel     : FX
averageVal1   : 2.09531
averageVal2   : 0.52812
AVG_MAG_VAL   : 1.27411
rmsVal1       : 2.20401
rmsVal2       : 2.20401
AVG_RMS_Val   : 2.98256
amplitudeVal1 : 0.45860
amplitudeVal2 : 4.56818
AVG_AMP_VAL   : 4.56818
Label 1       : a
Label 2       : a
t1Start       : 0.00000
t1End         : 4.12500
t2Start       : 4.12500
t2End         : 4.26000
tAvgIndex     : 2.13000

