Iteration : 2
Average   : -1.70240
Max Val   : -1.58742
Min Val   : -1.81737
Start     : 0.35000
Finish    : 3.05000
Gradient  : -0.08517
Grad Label: cons  

Iteration : 3
Average   : -1.70800
Max Val   : -1.66017
Min Val   : -1.75583
Start     : 3.05000
Finish    : 4.49500
Gradient  : 0.07382
Grad Label: cons  

