Iteration : 1
Average   : 0.00011
Max Val   : 0.00082
Min Val   : -0.00059
Start     : 0.00000
Finish    : 4.49500
Gradient  : -0.00029
Grad Label: cons  

