Iteration : 2
Average   : 2.16481
Max Val   : 2.27124
Min Val   : 2.05839
Start     : 0.47500
Finish    : 4.49500
Gradient  : 0.05238
Grad Label: cons  

