Iteration : 2
Average   : 0.00116
Max Val   : 0.00118
Min Val   : 0.00115
Start     : 4.20000
Finish    : 4.49500
Gradient  : -0.00002
Grad Label: cons  

