Iteration : 2
Average   : -0.11629
Max Val   : -0.11621
Min Val   : -0.11636
Start     : 3.60000
Finish    : 4.49500
Gradient  : 0.00016
Grad Label: cons  

