Iteration : 2
Average   : -0.09238
Max Val   : -0.08184
Min Val   : -0.10291
Start     : 1.55000
Finish    : 3.00000
Gradient  : -0.01453
Grad Label: cons  

Iteration : 3
Average   : -0.10231
Max Val   : -0.09893
Min Val   : -0.10568
Start     : 3.00000
Finish    : 4.49500
Gradient  : -0.00485
Grad Label: cons  

