Iteration     : 1
CompLabel     : CT
averageVal1   : 1.04791
averageVal2   : 1.04791
AVG_MAG_VAL   : 1.04791
rmsVal1       : 2.20017
rmsVal2       : 2.20017
AVG_RMS_Val   : 2.20017
amplitudeVal1 : 6.49447
amplitudeVal2 : 6.49447
AVG_AMP_VAL   : 6.49447
Label 1       : nc
Label 2       : z
t1Start       : 0.00000
t1End         : 3.32500
t2Start       : 3.32500
t2End         : 3.40000
tAvgIndex     : 1.70000

