Iteration     : 1
CompLabel     : CT
averageVal1   : 0.01898
averageVal2   : 0.01898
AVG_MAG_VAL   : 0.01898
rmsVal1       : 0.40986
rmsVal2       : 0.40986
AVG_RMS_Val   : 0.40986
amplitudeVal1 : 0.52762
amplitudeVal2 : 0.52762
AVG_AMP_VAL   : 0.52762
Label 1       : pc
Label 2       : z
t1Start       : 0.00000
t1End         : 3.32500
t2Start       : 3.32500
t2End         : 3.40000
tAvgIndex     : 1.70000

