Iteration     : 1
CompLabel     : FX
averageVal1   : -0.08896
averageVal2   : 1.78336
AVG_MAG_VAL   : 1.52112
rmsVal1       : 0.06587
rmsVal2       : 0.06587
AVG_RMS_Val   : 4.23316
amplitudeVal1 : 3.52136
amplitudeVal2 : 5.04905
AVG_AMP_VAL   : 5.04905
Label 1       : bpos
Label 2       : bpos
t1Start       : 0.00000
t1End         : 6.10000
t2Start       : 6.10000
t2End         : 6.46000
tAvgIndex     : 3.23000

