Iteration     : 1
CompLabel     : FX
averageVal1   : -0.05845
averageVal2   : 0.76408
AVG_MAG_VAL   : 0.20500
rmsVal1       : -0.02340
rmsVal2       : -0.02340
AVG_RMS_Val   : 0.73375
amplitudeVal1 : 0.09725
amplitudeVal2 : 0.21868
AVG_AMP_VAL   : 0.32832
Label 1       : bpos
Label 2       : bpos
t1Start       : 0.00000
t1End         : 4.25000
t2Start       : 4.25000
t2End         : 6.46000
tAvgIndex     : 3.23000

