Iteration : 2
Average   : -0.00272
Max Val   : -0.00130
Min Val   : -0.00415
Start     : 3.85000
Finish    : 4.50000
Gradient  : -0.00437
Grad Label: cons  

