Iteration : 2
Average   : 2.15136
Max Val   : 2.24470
Min Val   : 2.05802
Start     : 0.47500
Finish    : 4.50000
Gradient  : 0.04643
Grad Label: cons  

