Iteration : 2
Average   : -0.01524
Max Val   : -0.00225
Min Val   : -0.02823
Start     : 3.02500
Finish    : 4.50000
Gradient  : -0.01936
Grad Label: cons  

