Iteration : 1
Average   : -0.10974
Max Val   : -0.09875
Min Val   : -0.12074
Start     : 0.00000
Finish    : 4.50000
Gradient  : -0.00551
Grad Label: cons  

