Iteration : 2
Average   : -0.08975
Max Val   : -0.07979
Min Val   : -0.09972
Start     : 1.52500
Finish    : 2.65000
Gradient  : -0.01772
Grad Label: cons  

Iteration : 3
Average   : -0.03175
Max Val   : 0.01497
Min Val   : -0.07847
Start     : 2.65000
Finish    : 4.12500
Gradient  : 0.06335
Grad Label: cons  

Iteration : 4
Average   : -0.01734
Max Val   : -0.00515
Min Val   : -0.02952
Start     : 4.12500
Finish    : 4.50000
Gradient  : -0.06152
Grad Label: cons  

