Iteration : 2
Average   : -1.69958
Max Val   : -1.58294
Min Val   : -1.81623
Start     : 0.32500
Finish    : 3.02500
Gradient  : -0.08640
Grad Label: cons  

Iteration : 3
Average   : -1.68440
Max Val   : -1.61649
Min Val   : -1.75232
Start     : 3.02500
Finish    : 4.50000
Gradient  : 0.10116
Grad Label: cons  

