Iteration     : 1
CompLabel     : CT
averageVal1   : 4.04820
averageVal2   : 4.04820
AVG_MAG_VAL   : 4.04820
rmsVal1       : 9.92294
rmsVal2       : 9.92294
AVG_RMS_Val   : 9.92294
amplitudeVal1 : 7.88985
amplitudeVal2 : 7.88985
AVG_AMP_VAL   : 7.88985
Label 1       : pc
Label 2       : z
t1Start       : 0.00000
t1End         : 3.97500
t2Start       : 3.92500
t2End         : 3.97500
tAvgIndex     : 1.98750

