Iteration     : 1
CompLabel     : FX
averageVal1   : 2.10356
averageVal2   : -0.58168
AVG_MAG_VAL   : 0.76094
rmsVal1       : 2.22462
rmsVal2       : 2.22462
AVG_RMS_Val   : 2.22462
amplitudeVal1 : 2.83598
amplitudeVal2 : 2.85213
AVG_AMP_VAL   : 2.85213
Label 1       : a
Label 2       : a
t1Start       : 0.00000
t1End         : 3.87500
t2Start       : 3.87500
t2End         : 3.97500
tAvgIndex     : 1.98750

