Iteration     : 1
CompLabel     : CT
averageVal1   : 0.24075
averageVal2   : 0.24075
AVG_MAG_VAL   : 0.24075
rmsVal1       : 0.58752
rmsVal2       : 0.58752
AVG_RMS_Val   : 0.58752
amplitudeVal1 : 0.46312
amplitudeVal2 : 0.46312
AVG_AMP_VAL   : 0.46312
Label 1       : pc
Label 2       : z
t1Start       : 0.00000
t1End         : 3.97500
t2Start       : 3.92500
t2End         : 3.97500
tAvgIndex     : 1.98750

