Iteration     : 1
CompLabel     : FX
averageVal1   : 1.21619
averageVal2   : 0.49817
AVG_MAG_VAL   : 1.20204
rmsVal1       : 1.94523
rmsVal2       : 1.94523
AVG_RMS_Val   : 3.90287
amplitudeVal1 : 1.69787
amplitudeVal2 : 6.17206
AVG_AMP_VAL   : 6.17206
Label 1       : a
Label 2       : a
t1Start       : 0.00000
t1End         : 4.02500
t2Start       : 4.02500
t2End         : 4.50500
tAvgIndex     : 2.25250

