Iteration     : 1
CompLabel     : FX
averageVal1   : -0.06900
averageVal2   : -0.06900
AVG_MAG_VAL   : -0.06900
rmsVal1       : 0.02652
rmsVal2       : 0.02652
AVG_RMS_Val   : 0.02652
amplitudeVal1 : 0.12561
amplitudeVal2 : 0.12561
AVG_AMP_VAL   : 0.12561
Label 1       : k
Label 2       : k
t1Start       : 0.00000
t1End         : 4.49500
t2Start       : 0.00000
t2End         : 4.49500
tAvgIndex     : 2.24750

