Iteration     : 1
CompLabel     : FX
averageVal1   : -0.10988
averageVal2   : -0.10988
AVG_MAG_VAL   : -0.10988
rmsVal1       : -0.09875
rmsVal2       : -0.09875
AVG_RMS_Val   : -0.09875
amplitudeVal1 : 0.02226
amplitudeVal2 : 0.02226
AVG_AMP_VAL   : 0.02226
Label 1       : k
Label 2       : k
t1Start       : 0.00000
t1End         : 4.49500
t2Start       : 0.00000
t2End         : 4.49500
tAvgIndex     : 2.24750

