Iteration     : 1
CompLabel     : FX
averageVal1   : 2.10302
averageVal2   : 2.10302
AVG_MAG_VAL   : 2.10302
rmsVal1       : 2.24434
rmsVal2       : 2.24434
AVG_RMS_Val   : 2.24434
amplitudeVal1 : 0.19208
amplitudeVal2 : 0.19208
AVG_AMP_VAL   : 0.19208
Label 1       : k
Label 2       : k
t1Start       : 0.00000
t1End         : 4.49500
t2Start       : 0.00000
t2End         : 4.49500
tAvgIndex     : 2.24750

