Iteration     : 1
CompLabel     : FX
averageVal1   : -0.00118
averageVal2   : -0.00118
AVG_MAG_VAL   : -0.00118
rmsVal1       : 0.00071
rmsVal2       : 0.00071
AVG_RMS_Val   : 0.00071
amplitudeVal1 : 0.00508
amplitudeVal2 : 0.00508
AVG_AMP_VAL   : 0.00508
Label 1       : k
Label 2       : k
t1Start       : 0.00000
t1End         : 4.49500
t2Start       : 0.00000
t2End         : 4.49500
tAvgIndex     : 2.24750

