Iteration     : 1
CompLabel     : FX
averageVal1   : -2.47061
averageVal2   : -2.47061
AVG_MAG_VAL   : -2.47061
rmsVal1       : -1.55646
rmsVal2       : -1.55646
AVG_RMS_Val   : -1.55646
amplitudeVal1 : 0.25947
amplitudeVal2 : 0.25947
AVG_AMP_VAL   : 0.25947
Label 1       : k
Label 2       : k
t1Start       : 0.00000
t1End         : 4.49500
t2Start       : 0.00000
t2End         : 4.49500
tAvgIndex     : 2.24750

