Iteration : 2
Average   : 2.14629
Max Val   : 2.22272
Min Val   : 2.06986
Start     : 0.45000
Finish    : 3.70000
Gradient  : 0.04703
Grad Label: cons  

Iteration : 3
Average   : -0.47335
Max Val   : 1.98451
Min Val   : -2.93122
Start     : 3.70000
Finish    : 3.77500
Gradient  : -65.54300
Grad Label: bneg  

Iteration : 4
Average   : -3.51708
Max Val   : -2.95706
Min Val   : -4.07711
Start     : 3.77500
Finish    : 3.80000
Gradient  : -28.70731
Grad Label: mneg  

