Iteration : 2
Average   : -0.09030
Max Val   : -0.08025
Min Val   : -0.10034
Start     : 1.52500
Finish    : 2.72500
Gradient  : -0.01674
Grad Label: cons  

Iteration : 3
Average   : -0.06357
Max Val   : -0.00980
Min Val   : -0.11735
Start     : 2.72500
Finish    : 3.70000
Gradient  : 0.11031
Grad Label: cons  

Iteration : 4
Average   : 2.09101
Max Val   : 4.23757
Min Val   : -0.05556
Start     : 3.70000
Finish    : 3.80000
Gradient  : 44.70336
Grad Label: mpos  

