Iteration : 2
Average   : 0.22239
Max Val   : 0.56341
Min Val   : -0.11862
Start     : 3.70000
Finish    : 3.80000
Gradient  : 6.83923
Grad Label: bpos  

