Iteration : 2
Average   : -0.10374
Max Val   : -0.00025
Min Val   : -0.20724
Start     : 3.70000
Finish    : 3.75000
Gradient  : -4.13976
Grad Label: mneg  

Iteration : 3
Average   : -0.28798
Max Val   : -0.19553
Min Val   : -0.38042
Start     : 3.75000
Finish    : 3.80000
Gradient  : -3.42998
Grad Label: mneg  

