Iteration : 2
Average   : -1.69956
Max Val   : -1.58238
Min Val   : -1.81674
Start     : 0.30000
Finish    : 3.05000
Gradient  : -0.08522
Grad Label: cons  

Iteration : 3
Average   : -1.67334
Max Val   : -1.48420
Min Val   : -1.86248
Start     : 3.05000
Finish    : 3.70000
Gradient  : 0.58198
Grad Label: cons  

Iteration : 4
Average   : 4.69778
Max Val   : 11.08670
Min Val   : -1.69115
Start     : 3.70000
Finish    : 3.80000
Gradient  : 127.29073
Grad Label: pimp  

