Iteration     : 1
CompLabel     : FX
averageVal1   : 0.00003
averageVal2   : 0.00083
AVG_MAG_VAL   : -0.08379
rmsVal1       : 0.00108
rmsVal2       : 0.00108
AVG_RMS_Val   : 0.39137
amplitudeVal1 : 0.37110
amplitudeVal2 : 0.08755
AVG_AMP_VAL   : 0.37110
Label 1       : bpos
Label 2       : bpos
t1Start       : 0.00000
t1End         : 5.67500
t2Start       : 5.67500
t2End         : 6.05000
tAvgIndex     : 3.02500

