Iteration     : 1
CompLabel     : FX
averageVal1   : -0.05845
averageVal2   : 0.32183
AVG_MAG_VAL   : -0.04856
rmsVal1       : -0.02340
rmsVal2       : -0.02340
AVG_RMS_Val   : 0.41966
amplitudeVal1 : 0.09655
amplitudeVal2 : 0.04539
AVG_AMP_VAL   : 0.14123
Label 1       : bpos
Label 2       : bpos
t1Start       : 0.00000
t1End         : 0.15000
t2Start       : 0.15000
t2End         : 5.47000
tAvgIndex     : 2.73500

