Iteration : 2
Average   : 0.07039
Max Val   : 0.15940
Min Val   : -0.01862
Start     : 3.32500
Finish    : 3.37500
Gradient  : 3.56057
Grad Label: mpos  

Iteration : 3
Average   : 0.18451
Max Val   : 0.23481
Min Val   : 0.13422
Start     : 3.37500
Finish    : 3.40000
Gradient  : 4.02344
Grad Label: mpos  

Iteration : 4
Average   : 0.30685
Max Val   : 0.40025
Min Val   : 0.21346
Start     : 3.40000
Finish    : 3.43500
Gradient  : 4.88751
Grad Label: bpos  

