Iteration : 2
Average   : -0.06850
Max Val   : -0.04580
Min Val   : -0.09120
Start     : 3.32500
Finish    : 3.37500
Gradient  : -0.90815
Grad Label: sneg  

Iteration : 3
Average   : -0.01219
Max Val   : 0.10316
Min Val   : -0.12754
Start     : 3.37500
Finish    : 3.43500
Gradient  : 4.21063
Grad Label: mpos  

