Iteration : 2
Average   : -0.00264
Max Val   : 0.00108
Min Val   : -0.00635
Start     : 3.32500
Finish    : 3.35000
Gradient  : -0.29704
Grad Label: sneg  

Iteration : 3
Average   : -0.01096
Max Val   : -0.00105
Min Val   : -0.02088
Start     : 3.35000
Finish    : 3.37500
Gradient  : 0.79325
Grad Label: spos  

Iteration : 4
Average   : 0.02066
Max Val   : 0.04388
Min Val   : -0.00257
Start     : 3.37500
Finish    : 3.43500
Gradient  : 0.75398
Grad Label: spos  

