Iteration     : 1
CompLabel     : CT
averageVal1   : -0.16525
averageVal2   : 5.49896
AVG_MAG_VAL   : 4.03209
rmsVal1       : 7.97148
rmsVal2       : 7.97148
AVG_RMS_Val   : 10.15200
amplitudeVal1 : 7.43851
amplitudeVal2 : 9.30608
AVG_AMP_VAL   : 9.30608
Label 1       : i
Label 2       : i
t1Start       : 0.00000
t1End         : 3.87500
t2Start       : 3.87500
t2End         : 3.93500
tAvgIndex     : 1.96750

