Iteration     : 1
CompLabel     : FX
averageVal1   : 0.00021
averageVal2   : -0.03546
AVG_MAG_VAL   : -0.02446
rmsVal1       : 0.00095
rmsVal2       : 0.00095
AVG_RMS_Val   : 0.02312
amplitudeVal1 : 0.04473
amplitudeVal2 : 0.00331
AVG_AMP_VAL   : 0.09816
Label 1       : bpos
Label 2       : bpos
t1Start       : 0.00000
t1End         : 5.70000
t2Start       : 5.70000
t2End         : 5.76000
tAvgIndex     : 2.88000

