Iteration     : 1
CompLabel     : FX
averageVal1   : 3.13735
averageVal2   : 1.65667
AVG_MAG_VAL   : 1.58140
rmsVal1       : 2.19700
rmsVal2       : 2.19700
AVG_RMS_Val   : 2.27754
amplitudeVal1 : 2.56112
amplitudeVal2 : 3.31739
AVG_AMP_VAL   : 3.31739
Label 1       : a
Label 2       : a
t1Start       : 0.00000
t1End         : 4.22500
t2Start       : 4.22500
t2End         : 4.43000
tAvgIndex     : 2.21500

