Iteration     : 1
CompLabel     : a
averageVal1   : -0.08692
averageVal2   : 1.59279
AVG_MAG_VAL   : 1.29786
rmsVal1       : -0.02224
rmsVal2       : -0.02224
AVG_RMS_Val   : 2.85443
amplitudeVal1 : 0.06688
amplitudeVal2 : 0.41994
AVG_AMP_VAL   : 2.34202
Label 1       : bpos
Label 2       : bpos
t1Start       : 0.00000
t1End         : 4.57500
t2Start       : 4.57500
t2End         : 5.90000
tAvgIndex     : 2.95000

