Iteration : 2
Average   : -0.07782
Max Val   : -0.02658
Min Val   : -0.12906
Start     : 3.32500
Finish    : 3.35000
Gradient  : 4.09903
Grad Label: mpos  

Iteration : 3
Average   : 0.02919
Max Val   : 0.07293
Min Val   : -0.01455
Start     : 3.35000
Finish    : 3.37500
Gradient  : 3.49902
Grad Label: mpos  

Iteration : 4
Average   : 0.21975
Max Val   : 0.39853
Min Val   : 0.04098
Start     : 3.37500
Finish    : 3.45000
Gradient  : 4.48338
Grad Label: mpos  

