Iteration : 2
Average   : -1.70115
Max Val   : -1.58427
Min Val   : -1.81802
Start     : 0.32500
Finish    : 3.07500
Gradient  : -0.08500
Grad Label: cons  

Iteration : 3
Average   : -1.67717
Max Val   : -1.42215
Min Val   : -1.93219
Start     : 3.07500
Finish    : 3.32500
Gradient  : 2.04015
Grad Label: spos  

Iteration : 4
Average   : 4.36065
Max Val   : 10.45890
Min Val   : -1.73759
Start     : 3.32500
Finish    : 3.45000
Gradient  : 100.10103
Grad Label: pimp  

