Iteration     : 1
CompLabel     : a
averageVal1   : 0.00187
averageVal2   : 0.01786
AVG_MAG_VAL   : 0.00179
rmsVal1       : 0.00589
rmsVal2       : 0.00589
AVG_RMS_Val   : 0.14300
amplitudeVal1 : 0.06705
amplitudeVal2 : 0.06125
AVG_AMP_VAL   : 0.15011
Label 1       : bpos
Label 2       : bpos
t1Start       : 0.00000
t1End         : 3.27500
t2Start       : 3.27500
t2End         : 6.46500
tAvgIndex     : 3.23250

