Iteration     : 1
CompLabel     : CT
averageVal1   : 1.27923
averageVal2   : 1.27923
AVG_MAG_VAL   : 1.27923
rmsVal1       : 2.26544
rmsVal2       : 2.26544
AVG_RMS_Val   : 2.26544
amplitudeVal1 : 5.71869
amplitudeVal2 : 5.71869
AVG_AMP_VAL   : 5.71869
Label 1       : nc
Label 2       : z
t1Start       : 0.00000
t1End         : 3.67500
t2Start       : 3.67500
t2End         : 3.74000
tAvgIndex     : 1.87000

