Iteration     : 1
CompLabel     : CT
averageVal1   : 0.01372
averageVal2   : 0.01372
AVG_MAG_VAL   : 0.01372
rmsVal1       : 0.49758
rmsVal2       : 0.49758
AVG_RMS_Val   : 0.49758
amplitudeVal1 : 0.62639
amplitudeVal2 : 0.62639
AVG_AMP_VAL   : 0.62639
Label 1       : pc
Label 2       : z
t1Start       : 0.00000
t1End         : 3.67500
t2Start       : 3.67500
t2End         : 3.74000
tAvgIndex     : 1.87000

