Iteration     : 1
CompLabel     : CT
averageVal1   : 0.58228
averageVal2   : 0.58228
AVG_MAG_VAL   : 0.58228
rmsVal1       : 2.15949
rmsVal2       : 2.15949
AVG_RMS_Val   : 2.15949
amplitudeVal1 : 6.16499
amplitudeVal2 : 6.16499
AVG_AMP_VAL   : 6.16499
Label 1       : nc
Label 2       : z
t1Start       : 0.00000
t1End         : 3.35000
t2Start       : 3.35000
t2End         : 3.42000
tAvgIndex     : 1.71000

