Iteration     : 1
CompLabel     : CT
averageVal1   : 0.92128
averageVal2   : 0.92128
AVG_MAG_VAL   : 0.92128
rmsVal1       : 10.42720
rmsVal2       : 10.42720
AVG_RMS_Val   : 10.42720
amplitudeVal1 : 12.24413
amplitudeVal2 : 12.24413
AVG_AMP_VAL   : 12.24413
Label 1       : pc
Label 2       : z
t1Start       : 0.00000
t1End         : 3.32500
t2Start       : 3.32500
t2End         : 3.42000
tAvgIndex     : 1.71000

