Iteration     : 1
CompLabel     : CT
averageVal1   : 0.08152
averageVal2   : 0.08152
AVG_MAG_VAL   : 0.08152
rmsVal1       : 0.67478
rmsVal2       : 0.67478
AVG_RMS_Val   : 0.67478
amplitudeVal1 : 0.81146
amplitudeVal2 : 0.81146
AVG_AMP_VAL   : 0.81146
Label 1       : pc
Label 2       : z
t1Start       : 0.00000
t1End         : 4.30000
t2Start       : 4.30000
t2End         : 4.40500
tAvgIndex     : 2.20250

