Iteration     : 1
CompLabel     : CT
averageVal1   : 1.06916
averageVal2   : 1.06916
AVG_MAG_VAL   : 1.06916
rmsVal1       : 9.87085
rmsVal2       : 9.87085
AVG_RMS_Val   : 9.87085
amplitudeVal1 : 11.92691
amplitudeVal2 : 11.92691
AVG_AMP_VAL   : 11.92691
Label 1       : pc
Label 2       : z
t1Start       : 0.00000
t1End         : 4.30000
t2Start       : 4.30000
t2End         : 4.40500
tAvgIndex     : 2.20250

