Iteration : 2
Average   : -1.70187
Max Val   : -1.58543
Min Val   : -1.81831
Start     : 0.32500
Finish    : 3.07500
Gradient  : -0.08468
Grad Label: cons  

Iteration : 3
Average   : -1.66984
Max Val   : -1.38129
Min Val   : -1.95838
Start     : 3.07500
Finish    : 3.32500
Gradient  : 2.30835
Grad Label: spos  

Iteration : 4
Average   : 4.15139
Max Val   : 10.04340
Min Val   : -1.74063
Start     : 3.32500
Finish    : 3.42000
Gradient  : 135.25321
Grad Label: pimp  

