Iteration : 2
Average   : -0.00288
Max Val   : -0.00025
Min Val   : -0.00551
Start     : 3.35000
Finish    : 3.37500
Gradient  : -0.21024
Grad Label: sneg  

Iteration : 3
Average   : -0.01020
Max Val   : -0.00485
Min Val   : -0.01555
Start     : 3.37500
Finish    : 3.42000
Gradient  : -0.19268
Grad Label: sneg  

