Iteration : 2
Average   : -0.04465
Max Val   : -0.02014
Min Val   : -0.06915
Start     : 3.32500
Finish    : 3.37500
Gradient  : -0.98028
Grad Label: sneg  

Iteration : 3
Average   : -0.07905
Max Val   : -0.04083
Min Val   : -0.11726
Start     : 3.37500
Finish    : 3.42000
Gradient  : 0.09517
Grad Label: cons  

