Iteration : 2
Average   : 2.13296
Max Val   : 2.18781
Min Val   : 2.07812
Start     : 0.47500
Finish    : 3.32500
Gradient  : 0.03849
Grad Label: cons  

Iteration : 3
Average   : -0.53760
Max Val   : 2.20060
Min Val   : -3.27579
Start     : 3.32500
Finish    : 3.42000
Gradient  : -61.34651
Grad Label: bneg  

