Iteration : 2
Average   : 0.12555
Max Val   : 0.36707
Min Val   : -0.11597
Start     : 3.32500
Finish    : 3.42000
Gradient  : 5.48585
Grad Label: bpos  

