Iteration : 2
Average   : 0.00181
Max Val   : 0.00189
Min Val   : 0.00172
Start     : 3.22500
Finish    : 3.67500
Gradient  : -0.00037
Grad Label: cons  

Iteration : 3
Average   : 0.00325
Max Val   : 0.01327
Min Val   : -0.00678
Start     : 3.67500
Finish    : 3.70000
Gradient  : -0.80185
Grad Label: sneg  

Iteration : 4
Average   : -0.02028
Max Val   : -0.00680
Min Val   : -0.03376
Start     : 3.70000
Finish    : 3.74000
Gradient  : -0.40458
Grad Label: sneg  

