Iteration     : 1
CompLabel     : FX
averageVal1   : -0.10915
averageVal2   : 0.14902
AVG_MAG_VAL   : 0.01994
rmsVal1       : -0.09927
rmsVal2       : -0.09927
AVG_RMS_Val   : 0.41402
amplitudeVal1 : 0.53304
amplitudeVal2 : 0.52999
AVG_AMP_VAL   : 0.53304
Label 1       : a
Label 2       : a
t1Start       : 0.00000
t1End         : 3.32500
t2Start       : 3.32500
t2End         : 3.42000
tAvgIndex     : 1.71000

