Iteration     : 1
CompLabel     : CT
averageVal1   : 0.55949
averageVal2   : 0.55949
AVG_MAG_VAL   : 0.55949
rmsVal1       : 2.19924
rmsVal2       : 2.19924
AVG_RMS_Val   : 2.19924
amplitudeVal1 : 6.34964
amplitudeVal2 : 6.34964
AVG_AMP_VAL   : 6.34964
Label 1       : nc
Label 2       : z
t1Start       : 0.00000
t1End         : 3.32500
t2Start       : 3.32500
t2End         : 3.42000
tAvgIndex     : 1.71000

