Iteration : 1
Average   : -0.10995
Max Val   : -0.09942
Min Val   : -0.12047
Start     : 0.00000
Finish    : 3.62500
Gradient  : -0.00581
Grad Label: cons  

Iteration : 2
Average   : 0.14318
Max Val   : 0.40469
Min Val   : -0.11833
Start     : 3.62500
Finish    : 3.73000
Gradient  : 5.39287
Grad Label: bpos  

