Iteration : 1
Average   : 0.00259
Max Val   : 0.00506
Min Val   : 0.00013
Start     : 0.00000
Finish    : 3.05000
Gradient  : -0.00162
Grad Label: cons  

Iteration : 2
Average   : -0.00708
Max Val   : -0.00284
Min Val   : -0.01132
Start     : 3.05000
Finish    : 3.65000
Gradient  : -0.01414
Grad Label: cons  

Iteration : 3
Average   : 0.00406
Max Val   : 0.01613
Min Val   : -0.00801
Start     : 3.65000
Finish    : 3.73000
Gradient  : 0.27648
Grad Label: spos  

