Iteration : 1
Average   : 0.00057
Max Val   : 0.00080
Min Val   : 0.00034
Start     : 0.00000
Finish    : 3.62500
Gradient  : 0.00013
Grad Label: cons  

Iteration : 2
Average   : 0.10866
Max Val   : 0.21786
Min Val   : -0.00054
Start     : 3.62500
Finish    : 3.73000
Gradient  : 2.24813
Grad Label: spos  

