Iteration : 1
Average   : 2.05466
Max Val   : 2.05770
Min Val   : 2.05163
Start     : 0.00000
Finish    : 0.47500
Gradient  : 0.01277
Grad Label: cons  

Iteration : 2
Average   : 2.13933
Max Val   : 2.19986
Min Val   : 2.07880
Start     : 0.47500
Finish    : 3.62500
Gradient  : 0.03843
Grad Label: cons  

Iteration : 3
Average   : -0.38098
Max Val   : 2.20256
Min Val   : -2.96452
Start     : 3.62500
Finish    : 3.73000
Gradient  : -53.15981
Grad Label: bneg  

