Iteration : 2
Average   : 2.15566
Max Val   : 2.25114
Min Val   : 2.06018
Start     : 0.45000
Finish    : 3.85000
Gradient  : 0.05617
Grad Label: cons  

Iteration : 3
Average   : 1.19920
Max Val   : 2.24419
Min Val   : 0.15422
Start     : 3.85000
Finish    : 3.90000
Gradient  : -41.79948
Grad Label: mneg  

Iteration : 4
Average   : -0.93601
Max Val   : 0.10710
Min Val   : -1.97913
Start     : 3.90000
Finish    : 3.95000
Gradient  : -43.68202
Grad Label: mneg  

