Iteration : 2
Average   : -1.69951
Max Val   : -1.58240
Min Val   : -1.81661
Start     : 0.32500
Finish    : 3.02500
Gradient  : -0.08674
Grad Label: cons  

Iteration : 3
Average   : -1.68075
Max Val   : -1.54156
Min Val   : -1.81994
Start     : 3.02500
Finish    : 3.85000
Gradient  : 0.33743
Grad Label: cons  

Iteration : 4
Average   : 4.07556
Max Val   : 9.81883
Min Val   : -1.66771
Start     : 3.85000
Finish    : 3.95000
Gradient  : 119.46226
Grad Label: pimp  

