Iteration : 2
Average   : 0.21070
Max Val   : 0.54113
Min Val   : -0.11973
Start     : 3.85000
Finish    : 3.95000
Gradient  : 6.82082
Grad Label: bpos  

