Iteration : 2
Average   : 0.00128
Max Val   : 0.01216
Min Val   : -0.00960
Start     : 3.60000
Finish    : 3.85000
Gradient  : 0.08704
Grad Label: cons  

Iteration : 3
Average   : 0.25123
Max Val   : 0.50487
Min Val   : -0.00241
Start     : 3.85000
Finish    : 3.95000
Gradient  : 5.35117
Grad Label: bpos  

