Iteration     : 1
CompLabel     : FX
averageVal1   : 1.59180
averageVal2   : 1.35745
AVG_MAG_VAL   : 1.56511
rmsVal1       : 2.04265
rmsVal2       : 2.04265
AVG_RMS_Val   : 2.90835
amplitudeVal1 : 1.71037
amplitudeVal2 : 2.39282
AVG_AMP_VAL   : 4.57673
Label 1       : a
Label 2       : a
t1Start       : 0.00000
t1End         : 4.12500
t2Start       : 4.12500
t2End         : 4.50500
tAvgIndex     : 2.25250

