Iteration : 2
Average   : -0.11823
Max Val   : -0.11792
Min Val   : -0.11854
Start     : 3.90000
Finish    : 4.49500
Gradient  : -0.00104
Grad Label: cons  

