Iteration : 2
Average   : -0.07975
Max Val   : -0.07435
Min Val   : -0.08516
Start     : 0.45000
Finish    : 1.37500
Gradient  : 0.01168
Grad Label: cons  

Iteration : 3
Average   : -0.09234
Max Val   : -0.07966
Min Val   : -0.10502
Start     : 1.37500
Finish    : 3.37500
Gradient  : -0.01268
Grad Label: cons  

Iteration : 4
Average   : -0.10260
Max Val   : -0.10078
Min Val   : -0.10443
Start     : 3.37500
Finish    : 4.49500
Gradient  : -0.00332
Grad Label: cons  

