Iteration : 1
Average   : 0.00270
Max Val   : 0.00447
Min Val   : 0.00094
Start     : 0.00000
Finish    : 4.49500
Gradient  : -0.00084
Grad Label: cons  

