Iteration : 2
Average   : -0.00070
Max Val   : -0.00070
Min Val   : -0.00071
Start     : 4.45000
Finish    : 4.49500
Gradient  : -0.00002
Grad Label: cons  

