Iteration : 2
Average   : -1.69472
Max Val   : -1.57325
Min Val   : -1.81618
Start     : 0.15000
Finish    : 3.10000
Gradient  : -0.08235
Grad Label: cons  

Iteration : 3
Average   : -1.68369
Max Val   : -1.62163
Min Val   : -1.74576
Start     : 3.10000
Finish    : 4.49500
Gradient  : 0.09734
Grad Label: cons  

