Iteration : 2
Average   : 2.05808
Max Val   : 2.06208
Min Val   : 2.05407
Start     : 0.17500
Finish    : 0.55000
Gradient  : 0.02135
Grad Label: cons  

Iteration : 3
Average   : 2.18898
Max Val   : 2.31499
Min Val   : 2.06296
Start     : 0.55000
Finish    : 4.49500
Gradient  : 0.06276
Grad Label: cons  

