Iteration     : 1
CompLabel     : CT
averageVal1   : 1.14094
averageVal2   : 1.14094
AVG_MAG_VAL   : 1.14094
rmsVal1       : 2.19979
rmsVal2       : 2.19979
AVG_RMS_Val   : 2.19979
amplitudeVal1 : 6.10390
amplitudeVal2 : 6.10390
AVG_AMP_VAL   : 6.10390
Label 1       : nc
Label 2       : z
t1Start       : 0.00000
t1End         : 3.32500
t2Start       : 3.32500
t2End         : 3.41500
tAvgIndex     : 1.70750

