Iteration     : 1
CompLabel     : FX
averageVal1   : -0.10936
averageVal2   : 0.14246
AVG_MAG_VAL   : 0.01655
rmsVal1       : -0.09980
rmsVal2       : -0.09980
AVG_RMS_Val   : 0.40105
amplitudeVal1 : 0.51997
amplitudeVal2 : 0.51718
AVG_AMP_VAL   : 0.51997
Label 1       : a
Label 2       : a
t1Start       : 0.00000
t1End         : 3.32500
t2Start       : 3.32500
t2End         : 3.41500
tAvgIndex     : 1.70750

