Iteration : 2
Average   : 0.00055
Max Val   : 0.00098
Min Val   : 0.00011
Start     : 2.05000
Finish    : 3.62500
Gradient  : 0.00056
Grad Label: cons  

Iteration : 3
Average   : 0.00516
Max Val   : 0.03061
Min Val   : -0.02030
Start     : 3.62500
Finish    : 3.65000
Gradient  : 2.03651
Grad Label: spos  

Iteration : 4
Average   : 0.10838
Max Val   : 0.20673
Min Val   : 0.01003
Start     : 3.65000
Finish    : 3.73500
Gradient  : 2.14995
Grad Label: spos  

