Iteration : 2
Average   : 0.14789
Max Val   : 0.38978
Min Val   : -0.09400
Start     : 3.65000
Finish    : 3.73500
Gradient  : 5.34178
Grad Label: bpos  

