Iteration : 2
Average   : 2.16731
Max Val   : 2.27689
Min Val   : 2.05774
Start     : 0.47500
Finish    : 4.50000
Gradient  : 0.05375
Grad Label: cons  

