Iteration : 2
Average   : -0.09032
Max Val   : -0.07997
Min Val   : -0.10068
Start     : 1.52500
Finish    : 2.72500
Gradient  : -0.01726
Grad Label: cons  

Iteration : 3
Average   : -0.07445
Max Val   : -0.05946
Min Val   : -0.08943
Start     : 2.72500
Finish    : 4.07500
Gradient  : 0.02220
Grad Label: cons  

Iteration : 4
Average   : -0.07000
Max Val   : -0.06481
Min Val   : -0.07518
Start     : 4.07500
Finish    : 4.50000
Gradient  : -0.02036
Grad Label: cons  

