Iteration : 2
Average   : -0.00627
Max Val   : -0.00284
Min Val   : -0.00971
Start     : 3.42500
Finish    : 4.50000
Gradient  : -0.00673
Grad Label: cons  

