Iteration : 2
Average   : -0.00185
Max Val   : -0.00144
Min Val   : -0.00226
Start     : 4.10000
Finish    : 4.50000
Gradient  : -0.00192
Grad Label: cons  

