Iteration : 2
Average   : -0.11904
Max Val   : -0.11888
Min Val   : -0.11920
Start     : 4.10000
Finish    : 4.50000
Gradient  : -0.00079
Grad Label: cons  

