Iteration : 2
Average   : -1.69978
Max Val   : -1.58261
Min Val   : -1.81694
Start     : 0.32500
Finish    : 3.02500
Gradient  : -0.08679
Grad Label: cons  

Iteration : 3
Average   : -1.69199
Max Val   : -1.63033
Min Val   : -1.75366
Start     : 3.02500
Finish    : 4.50000
Gradient  : 0.09150
Grad Label: cons  

