Iteration : 2
Average   : 2.13343
Max Val   : 2.18892
Min Val   : 2.07794
Start     : 0.47500
Finish    : 3.32500
Gradient  : 0.03894
Grad Label: cons  

Iteration : 3
Average   : -0.97558
Max Val   : 2.19924
Min Val   : -4.15040
Start     : 3.32500
Finish    : 3.42000
Gradient  : -73.67004
Grad Label: nimp  

