Iteration : 2
Average   : -0.09036
Max Val   : -0.08894
Min Val   : -0.09177
Start     : 1.52500
Finish    : 3.32500
Gradient  : -0.00157
Grad Label: cons  

Iteration : 3
Average   : 0.38452
Max Val   : 0.58426
Min Val   : 0.18478
Start     : 3.32500
Finish    : 3.37500
Gradient  : 7.98961
Grad Label: spos  

Iteration : 4
Average   : 0.58022
Max Val   : 1.03289
Min Val   : 0.12756
Start     : 3.37500
Finish    : 3.42000
Gradient  : -6.22858
Grad Label: sneg  

