Iteration : 2
Average   : 0.14902
Max Val   : 0.41402
Min Val   : -0.11597
Start     : 3.32500
Finish    : 3.42000
Gradient  : 6.14395
Grad Label: bpos  

