Iteration : 2
Average   : -1.70204
Max Val   : -1.58600
Min Val   : -1.81808
Start     : 0.30000
Finish    : 3.10000
Gradient  : -0.08288
Grad Label: cons  

Iteration : 3
Average   : -1.66930
Max Val   : -1.37788
Min Val   : -1.96071
Start     : 3.10000
Finish    : 3.32500
Gradient  : 2.59036
Grad Label: spos  

Iteration : 4
Average   : 4.56178
Max Val   : 10.86400
Min Val   : -1.74044
Start     : 3.32500
Finish    : 3.42000
Gradient  : 145.76903
Grad Label: pimp  

