Iteration : 2
Average   : -0.01734
Max Val   : 0.00766
Min Val   : -0.04233
Start     : 3.32500
Finish    : 3.35000
Gradient  : -1.99993
Grad Label: sneg  

Iteration : 3
Average   : -0.06223
Max Val   : -0.03361
Min Val   : -0.09086
Start     : 3.35000
Finish    : 3.37500
Gradient  : 2.28985
Grad Label: spos  

Iteration : 4
Average   : -0.00820
Max Val   : 0.05309
Min Val   : -0.06949
Start     : 3.37500
Finish    : 3.42000
Gradient  : 1.32425
Grad Label: spos  

