Iteration : 2
Average   : -0.00616
Max Val   : -0.00542
Min Val   : -0.00691
Start     : 3.32500
Finish    : 3.37500
Gradient  : -0.02993
Grad Label: cons  

Iteration : 3
Average   : -0.00013
Max Val   : 0.02076
Min Val   : -0.02102
Start     : 3.37500
Finish    : 3.42000
Gradient  : 0.93581
Grad Label: spos  

