Iteration     : 1
CompLabel     : a
averageVal1   : -0.34089
averageVal2   : -0.51226
AVG_MAG_VAL   : -0.42658
rmsVal1       : 0.00090
rmsVal2       : 0.12196
AVG_RMS_Val   : 0.12196
amplitudeVal1 : 0.18346
amplitudeVal2 : 0.68417
AVG_AMP_VAL   : 0.68417
Label 1       : bneg
Label 2       : bneg
t1Start       : 0.00000
t1End         : 6.07500
t2Start       : 6.07500
t2End         : 6.47000
tAvgIndex     : 4.65500

