Iteration     : 1
CompLabel     : a
averageVal1   : -0.05845
averageVal2   : 0.62731
AVG_MAG_VAL   : 0.49999
rmsVal1       : -0.02340
rmsVal2       : -0.02340
AVG_RMS_Val   : 0.70841
amplitudeVal1 : 0.09779
amplitudeVal2 : 0.19572
AVG_AMP_VAL   : 0.39977
Label 1       : bpos
Label 2       : bpos
t1Start       : 0.00000
t1End         : 6.27500
t2Start       : 6.27500
t2End         : 6.47000
tAvgIndex     : 3.23500

