Iteration     : 1
CompLabel     : CT
averageVal1   : 0.03281
averageVal2   : 0.03281
AVG_MAG_VAL   : 0.03281
rmsVal1       : 0.46298
rmsVal2       : 0.46298
AVG_RMS_Val   : 0.46298
amplitudeVal1 : 0.57954
amplitudeVal2 : 0.57954
AVG_AMP_VAL   : 0.57954
Label 1       : pc
Label 2       : z
t1Start       : 0.00000
t1End         : 3.15000
t2Start       : 3.15000
t2End         : 3.21000
tAvgIndex     : 1.60500

