Iteration     : 1
CompLabel     : CT
averageVal1   : 0.25213
averageVal2   : 0.25213
AVG_MAG_VAL   : 0.25213
rmsVal1       : 2.19802
rmsVal2       : 2.19802
AVG_RMS_Val   : 2.19802
amplitudeVal1 : 7.55267
amplitudeVal2 : 7.55267
AVG_AMP_VAL   : 7.55267
Label 1       : nc
Label 2       : z
t1Start       : 0.00000
t1End         : 3.15000
t2Start       : 3.15000
t2End         : 3.21000
tAvgIndex     : 1.60500

