Iteration     : 1
CompLabel     : FX
averageVal1   : -0.02082
averageVal2   : -0.03022
AVG_MAG_VAL   : -0.02863
rmsVal1       : 0.00499
rmsVal2       : 0.00499
AVG_RMS_Val   : 0.00499
amplitudeVal1 : 0.01267
amplitudeVal2 : 0.01892
AVG_AMP_VAL   : 0.01892
Label 1       : a
Label 2       : a
t1Start       : 0.00000
t1End         : 4.37500
t2Start       : 4.37500
t2End         : 4.40500
tAvgIndex     : 2.20250

