Iteration     : 1
CompLabel     : FX
averageVal1   : -0.10930
averageVal2   : 0.27849
AVG_MAG_VAL   : 0.04186
rmsVal1       : -0.10100
rmsVal2       : -0.10100
AVG_RMS_Val   : 0.43651
amplitudeVal1 : 0.34250
amplitudeVal2 : 0.24895
AVG_AMP_VAL   : 0.34250
Label 1       : a
Label 2       : a
t1Start       : 0.00000
t1End         : 3.65000
t2Start       : 3.65000
t2End         : 4.40500
tAvgIndex     : 2.20250

