Iteration     : 1
CompLabel     : FX
averageVal1   : -0.10894
averageVal2   : 0.21652
AVG_MAG_VAL   : -0.06451
rmsVal1       : -0.01509
rmsVal2       : -0.01509
AVG_RMS_Val   : 0.98711
amplitudeVal1 : 0.51934
amplitudeVal2 : 1.54119
AVG_AMP_VAL   : 1.54119
Label 1       : a
Label 2       : a
t1Start       : 0.00000
t1End         : 4.37500
t2Start       : 4.37500
t2End         : 4.40500
tAvgIndex     : 2.20250

