Iteration     : 1
CompLabel     : FX
averageVal1   : 2.09357
averageVal2   : 0.59483
AVG_MAG_VAL   : 0.74700
rmsVal1       : 2.16598
rmsVal2       : 2.16598
AVG_RMS_Val   : 2.16598
amplitudeVal1 : 3.20804
amplitudeVal2 : 1.57984
AVG_AMP_VAL   : 3.20804
Label 1       : a
Label 2       : a
t1Start       : 0.00000
t1End         : 3.75000
t2Start       : 3.75000
t2End         : 4.40500
tAvgIndex     : 2.20250

