Iteration : 2
Average   : -0.05689
Max Val   : -0.03349
Min Val   : -0.08030
Start     : 3.32500
Finish    : 3.40000
Gradient  : -0.62417
Grad Label: sneg  

Iteration : 3
Average   : -0.07050
Max Val   : -0.01933
Min Val   : -0.12167
Start     : 3.40000
Finish    : 3.44000
Gradient  : 1.24118
Grad Label: spos  

