Iteration : 2
Average   : 0.10037
Max Val   : 0.31681
Min Val   : -0.11606
Start     : 3.32500
Finish    : 3.44000
Gradient  : 4.07314
Grad Label: mpos  

