Iteration : 2
Average   : -0.00380
Max Val   : -0.00016
Min Val   : -0.00744
Start     : 3.32500
Finish    : 3.35000
Gradient  : -0.29133
Grad Label: sneg  

Iteration : 3
Average   : -0.01293
Max Val   : -0.00696
Min Val   : -0.01891
Start     : 3.35000
Finish    : 3.40000
Gradient  : -0.23912
Grad Label: sneg  

Iteration : 4
Average   : -0.02505
Max Val   : -0.01287
Min Val   : -0.03723
Start     : 3.40000
Finish    : 3.44000
Gradient  : -0.47154
Grad Label: sneg  

