Iteration : 2
Average   : -0.09050
Max Val   : -0.08751
Min Val   : -0.09348
Start     : 1.47500
Finish    : 3.32500
Gradient  : -0.00323
Grad Label: cons  

Iteration : 3
Average   : 0.78931
Max Val   : 1.37533
Min Val   : 0.20329
Start     : 3.32500
Finish    : 3.40000
Gradient  : 15.62720
Grad Label: spos  

Iteration : 4
Average   : 1.37847
Max Val   : 1.70499
Min Val   : 1.05196
Start     : 3.40000
Finish    : 3.44000
Gradient  : -6.65683
Grad Label: sneg  

