Iteration : 2
Average   : -1.70220
Max Val   : -1.58644
Min Val   : -1.81796
Start     : 0.32500
Finish    : 3.07500
Gradient  : -0.08419
Grad Label: cons  

Iteration : 3
Average   : -1.67655
Max Val   : -1.40960
Min Val   : -1.94351
Start     : 3.07500
Finish    : 3.32500
Gradient  : 2.13564
Grad Label: spos  

Iteration : 4
Average   : 4.04005
Max Val   : 9.82006
Min Val   : -1.73996
Start     : 3.32500
Finish    : 3.44000
Gradient  : 108.87091
Grad Label: pimp  

