Iteration : 2
Average   : 2.13453
Max Val   : 2.19093
Min Val   : 2.07812
Start     : 0.50000
Finish    : 3.32500
Gradient  : 0.03993
Grad Label: cons  

Iteration : 3
Average   : 0.35251
Max Val   : 2.07468
Min Val   : -1.36966
Start     : 3.32500
Finish    : 3.40000
Gradient  : -45.92448
Grad Label: mneg  

Iteration : 4
Average   : -1.64204
Max Val   : -1.36331
Min Val   : -1.92077
Start     : 3.40000
Finish    : 3.44000
Gradient  : -1.96457
Grad Label: sneg  

