Iteration     : 1
CompLabel     : FX
averageVal1   : -0.10812
averageVal2   : -1.01880
AVG_MAG_VAL   : -0.29711
rmsVal1       : 0.00008
rmsVal2       : 0.00008
AVG_RMS_Val   : 0.44735
amplitudeVal1 : 0.56296
amplitudeVal2 : 2.17989
AVG_AMP_VAL   : 2.17989
Label 1       : a
Label 2       : a
t1Start       : 0.00000
t1End         : 3.77500
t2Start       : 3.77500
t2End         : 4.49500
tAvgIndex     : 2.24750

