Iteration     : 1
CompLabel     : FX
averageVal1   : 2.09818
averageVal2   : 3.64210
AVG_MAG_VAL   : 2.62132
rmsVal1       : 2.20606
rmsVal2       : 2.20606
AVG_RMS_Val   : 3.27228
amplitudeVal1 : 2.97052
amplitudeVal2 : 1.06926
AVG_AMP_VAL   : 2.97052
Label 1       : a
Label 2       : a
t1Start       : 0.00000
t1End         : 4.32500
t2Start       : 4.32500
t2End         : 4.49500
tAvgIndex     : 2.24750

