Iteration     : 1
CompLabel     : FX
averageVal1   : -0.09121
averageVal2   : 2.79633
AVG_MAG_VAL   : 1.32600
rmsVal1       : 0.00715
rmsVal2       : 0.00715
AVG_RMS_Val   : 4.88350
amplitudeVal1 : 3.55218
amplitudeVal2 : 3.47534
AVG_AMP_VAL   : 4.24837
Label 1       : bpos
Label 2       : bpos
t1Start       : 0.00000
t1End         : 3.65000
t2Start       : 3.65000
t2End         : 6.43500
tAvgIndex     : 3.21750

