Iteration     : 1
CompLabel     : a
averageVal1   : -0.09121
averageVal2   : 1.36594
AVG_MAG_VAL   : 2.13002
rmsVal1       : 0.00715
rmsVal2       : 0.00715
AVG_RMS_Val   : 4.78412
amplitudeVal1 : 3.55218
amplitudeVal2 : 1.68428
AVG_AMP_VAL   : 4.24837
Label 1       : bpos
Label 2       : bpos
t1Start       : 0.00000
t1End         : 5.30000
t2Start       : 5.30000
t2End         : 6.43500
tAvgIndex     : 3.21750

