Iteration : 2
Average   : -0.01177
Max Val   : -0.00225
Min Val   : -0.02129
Start     : 3.10000
Finish    : 4.49500
Gradient  : -0.01490
Grad Label: cons  

