Iteration : 2
Average   : 2.15498
Max Val   : 2.25150
Min Val   : 2.05846
Start     : 0.47500
Finish    : 4.49500
Gradient  : 0.04785
Grad Label: cons  

