Iteration : 1
Average   : -0.10950
Max Val   : -0.09883
Min Val   : -0.12016
Start     : 0.00000
Finish    : 4.49500
Gradient  : -0.00532
Grad Label: cons  

