Iteration : 2
Average   : -0.00239
Max Val   : -0.00132
Min Val   : -0.00347
Start     : 3.90000
Finish    : 4.49500
Gradient  : -0.00362
Grad Label: cons  

