Iteration : 2
Average   : -1.70034
Max Val   : -1.58438
Min Val   : -1.81630
Start     : 0.32500
Finish    : 3.02500
Gradient  : -0.08590
Grad Label: cons  

Iteration : 3
Average   : -1.68972
Max Val   : -1.62613
Min Val   : -1.75331
Start     : 3.02500
Finish    : 4.49500
Gradient  : 0.09461
Grad Label: cons  

