Iteration : 2
Average   : -0.09018
Max Val   : -0.08058
Min Val   : -0.09978
Start     : 1.55000
Finish    : 2.67500
Gradient  : -0.01706
Grad Label: cons  

Iteration : 3
Average   : -0.04730
Max Val   : -0.01284
Min Val   : -0.08177
Start     : 2.67500
Finish    : 4.12500
Gradient  : 0.04754
Grad Label: cons  

Iteration : 4
Average   : -0.03611
Max Val   : -0.02758
Min Val   : -0.04463
Start     : 4.12500
Finish    : 4.49500
Gradient  : -0.04354
Grad Label: cons  

