Iteration     : 1
CompLabel     : FX
averageVal1   : 0.00022
averageVal2   : -0.16473
AVG_MAG_VAL   : -0.12791
rmsVal1       : 0.00104
rmsVal2       : 0.00104
AVG_RMS_Val   : 0.00104
amplitudeVal1 : 0.10412
amplitudeVal2 : 0.13223
AVG_AMP_VAL   : 0.19764
Label 1       : bpos
Label 2       : bpos
t1Start       : 0.00000
t1End         : 5.02500
t2Start       : 5.02500
t2End         : 5.91000
tAvgIndex     : 2.95500

