Iteration     : 1
CompLabel     : FX
averageVal1   : -0.04880
averageVal2   : 0.05880
AVG_MAG_VAL   : -0.01878
rmsVal1       : 0.31729
rmsVal2       : 0.31729
AVG_RMS_Val   : 0.31729
amplitudeVal1 : 0.12722
amplitudeVal2 : 0.22888
AVG_AMP_VAL   : 0.65046
Label 1       : bpos
Label 2       : bpos
t1Start       : 0.00000
t1End         : 6.35000
t2Start       : 6.35000
t2End         : 6.47000
tAvgIndex     : 3.23500

