Iteration     : 1
CompLabel     : FX
averageVal1   : 1.59187
averageVal2   : 1.83364
AVG_MAG_VAL   : 0.88085
rmsVal1       : 2.04273
rmsVal2       : 2.04273
AVG_RMS_Val   : 4.33903
amplitudeVal1 : 1.68519
amplitudeVal2 : 0.98256
AVG_AMP_VAL   : 5.26373
Label 1       : bpos
Label 2       : bpos
t1Start       : 0.00000
t1End         : 6.07500
t2Start       : 6.07500
t2End         : 6.47000
tAvgIndex     : 3.23500

