Iteration     : 1
CompLabel     : FX
averageVal1   : 0.55076
averageVal2   : -0.07616
AVG_MAG_VAL   : 1.28163
rmsVal1       : 3.38323
rmsVal2       : 1.21410
AVG_RMS_Val   : 3.38323
amplitudeVal1 : 0.78782
amplitudeVal2 : 2.95712
AVG_AMP_VAL   : 2.95712
Label 1       : bpos
Label 2       : bpos
t1Start       : 0.00000
t1End         : 5.77500
t2Start       : 5.77500
t2End         : 6.47000
tAvgIndex     : 3.23500

