Iteration     : 1
CompLabel     : FX
averageVal1   : 2.09425
averageVal2   : 1.03226
AVG_MAG_VAL   : 1.47583
rmsVal1       : 2.19872
rmsVal2       : 2.19872
AVG_RMS_Val   : 3.65941
amplitudeVal1 : 3.03677
amplitudeVal2 : 1.95054
AVG_AMP_VAL   : 4.34178
Label 1       : a
Label 2       : a
t1Start       : 0.00000
t1End         : 4.35000
t2Start       : 4.35000
t2End         : 4.49500
tAvgIndex     : 2.24750

