Iteration     : 1
CompLabel     : a
averageVal1   : 0.00033
averageVal2   : -0.23262
AVG_MAG_VAL   : -0.11670
rmsVal1       : 0.00083
rmsVal2       : 0.00083
AVG_RMS_Val   : 0.01144
amplitudeVal1 : 0.19004
amplitudeVal2 : 0.12412
AVG_AMP_VAL   : 0.37469
Label 1       : bpos
Label 2       : bpos
t1Start       : 0.00000
t1End         : 3.32500
t2Start       : 3.32500
t2End         : 6.69000
tAvgIndex     : 3.34500

