Iteration     : 1
CompLabel     : FX
averageVal1   : -0.08566
averageVal2   : -0.08566
AVG_MAG_VAL   : -0.08566
rmsVal1       : -0.02199
rmsVal2       : -0.02199
AVG_RMS_Val   : -0.02199
amplitudeVal1 : 0.07741
amplitudeVal2 : 0.07741
AVG_AMP_VAL   : 0.07741
Label 1       : k
Label 2       : k
t1Start       : 0.00000
t1End         : 4.50500
t2Start       : 0.00000
t2End         : 4.50500
tAvgIndex     : 2.25250

