Iteration     : 1
CompLabel     : FX
averageVal1   : -0.00137
averageVal2   : -0.00137
AVG_MAG_VAL   : -0.00137
rmsVal1       : 0.00407
rmsVal2       : 0.00407
AVG_RMS_Val   : 0.00407
amplitudeVal1 : 0.01896
amplitudeVal2 : 0.01896
AVG_AMP_VAL   : 0.01896
Label 1       : k
Label 2       : k
t1Start       : 0.00000
t1End         : 4.50500
t2Start       : 0.00000
t2End         : 4.50500
tAvgIndex     : 2.25250

