Iteration : 2
Average   : -1.70199
Max Val   : -1.58981
Min Val   : -1.81417
Start     : 0.32500
Finish    : 3.02500
Gradient  : -0.08309
Grad Label: cons  

Iteration : 3
Average   : -1.68521
Max Val   : -1.58629
Min Val   : -1.78413
Start     : 3.02500
Finish    : 3.90000
Gradient  : 0.22610
Grad Label: cons  

Iteration : 4
Average   : 4.19368
Max Val   : 10.03870
Min Val   : -1.65134
Start     : 3.90000
Finish    : 3.99500
Gradient  : 140.49583
Grad Label: pimp  

