Iteration : 2
Average   : 2.16033
Max Val   : 2.26393
Min Val   : 2.05673
Start     : 0.45000
Finish    : 3.90000
Gradient  : 0.06006
Grad Label: cons  

Iteration : 3
Average   : -0.08635
Max Val   : 2.31112
Min Val   : -2.48381
Start     : 3.90000
Finish    : 3.99500
Gradient  : -57.58890
Grad Label: bneg  

