Iteration : 2
Average   : -0.00099
Max Val   : 0.00282
Min Val   : -0.00480
Start     : 3.55000
Finish    : 3.90000
Gradient  : 0.02178
Grad Label: cons  

Iteration : 3
Average   : 0.24075
Max Val   : 0.48463
Min Val   : -0.00313
Start     : 3.90000
Finish    : 3.99500
Gradient  : 5.86632
Grad Label: bpos  

