Iteration : 2
Average   : 0.24181
Max Val   : 0.60501
Min Val   : -0.12139
Start     : 3.90000
Finish    : 3.99500
Gradient  : 8.72010
Grad Label: pimp  

