Iteration : 2
Average   : -0.00589
Max Val   : -0.00312
Min Val   : -0.00867
Start     : 3.25000
Finish    : 3.95000
Gradient  : -0.00794
Grad Label: cons  

Iteration : 3
Average   : 0.00206
Max Val   : 0.01028
Min Val   : -0.00617
Start     : 3.95000
Finish    : 3.99500
Gradient  : 0.33972
Grad Label: spos  

