Iteration     : 1
CompLabel     : FX
averageVal1   : -0.10973
averageVal2   : 0.04405
AVG_MAG_VAL   : 0.02921
rmsVal1       : -0.09907
rmsVal2       : -0.09907
AVG_RMS_Val   : 0.32487
amplitudeVal1 : 0.21291
amplitudeVal2 : 0.46362
AVG_AMP_VAL   : 0.46362
Label 1       : a
Label 2       : a
t1Start       : 0.00000
t1End         : 3.60000
t2Start       : 3.60000
t2End         : 4.18500
tAvgIndex     : 2.09250

