Iteration     : 1
CompLabel     : FX
averageVal1   : 2.09654
averageVal2   : 1.53324
AVG_MAG_VAL   : 1.12482
rmsVal1       : 2.20105
rmsVal2       : 2.20105
AVG_RMS_Val   : 4.25984
amplitudeVal1 : 2.58871
amplitudeVal2 : 4.99967
AVG_AMP_VAL   : 4.99967
Label 1       : a
Label 2       : a
t1Start       : 0.00000
t1End         : 3.70000
t2Start       : 3.70000
t2End         : 4.18500
tAvgIndex     : 2.09250

