Iteration     : 1
CompLabel     : FX
averageVal1   : 0.00051
averageVal2   : 0.12790
AVG_MAG_VAL   : 0.10305
rmsVal1       : 0.00053
rmsVal2       : 0.00053
AVG_RMS_Val   : 0.32435
amplitudeVal1 : 0.15329
amplitudeVal2 : 0.29400
AVG_AMP_VAL   : 0.29400
Label 1       : a
Label 2       : a
t1Start       : 0.00000
t1End         : 4.02500
t2Start       : 4.02500
t2End         : 4.18500
tAvgIndex     : 2.09250

