Iteration     : 1
CompLabel     : FX
averageVal1   : -2.48163
averageVal2   : 2.13582
AVG_MAG_VAL   : -1.09781
rmsVal1       : -1.55739
rmsVal2       : -1.55739
AVG_RMS_Val   : 5.35727
amplitudeVal1 : 5.36960
amplitudeVal2 : 7.58729
AVG_AMP_VAL   : 7.58729
Label 1       : a
Label 2       : a
t1Start       : 0.00000
t1End         : 3.42500
t2Start       : 3.42500
t2End         : 4.49500
tAvgIndex     : 2.24750

