Iteration     : 1
CompLabel     : FX
averageVal1   : -0.00644
averageVal2   : -0.00682
AVG_MAG_VAL   : -0.00663
rmsVal1       : 0.00530
rmsVal2       : 0.00530
AVG_RMS_Val   : 0.04073
amplitudeVal1 : 0.06055
amplitudeVal2 : 0.07592
AVG_AMP_VAL   : 0.07592
Label 1       : a
Label 2       : a
t1Start       : 0.00000
t1End         : 3.35000
t2Start       : 3.35000
t2End         : 3.42500
tAvgIndex     : 1.71250

