Iteration     : 1
CompLabel     : FX
averageVal1   : -0.10615
averageVal2   : 0.14261
AVG_MAG_VAL   : 0.01823
rmsVal1       : -0.09868
rmsVal2       : -0.09868
AVG_RMS_Val   : 0.40716
amplitudeVal1 : 0.19340
amplitudeVal2 : 0.23773
AVG_AMP_VAL   : 0.23773
Label 1       : a
Label 2       : a
t1Start       : 0.00000
t1End         : 3.32500
t2Start       : 3.32500
t2End         : 3.42500
tAvgIndex     : 1.71250

