Iteration     : 1
CompLabel     : a
averageVal1   : 0.00102
averageVal2   : -0.01347
AVG_MAG_VAL   : -0.00623
rmsVal1       : 0.00402
rmsVal2       : 0.42908
AVG_RMS_Val   : 0.42908
amplitudeVal1 : 0.07985
amplitudeVal2 : 0.09878
AVG_AMP_VAL   : 0.09878
Label 1       : bneg
Label 2       : bneg
t1Start       : 0.00000
t1End         : 3.42500
t2Start       : 3.42500
t2End         : 5.74500
tAvgIndex     : 3.14875

