Iteration     : 1
CompLabel     : a
averageVal1   : -0.05845
averageVal2   : 0.21446
AVG_MAG_VAL   : 0.16819
rmsVal1       : -0.02340
rmsVal2       : -0.02340
AVG_RMS_Val   : 0.62462
amplitudeVal1 : 0.09725
amplitudeVal2 : 0.13264
AVG_AMP_VAL   : 0.36856
Label 1       : bpos
Label 2       : bpos
t1Start       : 0.00000
t1End         : 4.82500
t2Start       : 4.82500
t2End         : 5.74500
tAvgIndex     : 2.87250

