Iteration     : 1
CompLabel     : FX
averageVal1   : -0.12524
averageVal2   : 0.34693
AVG_MAG_VAL   : 0.07050
rmsVal1       : -0.03341
rmsVal2       : -0.03341
AVG_RMS_Val   : 0.71608
amplitudeVal1 : 0.50971
amplitudeVal2 : 1.29496
AVG_AMP_VAL   : 1.29496
Label 1       : a
Label 2       : a
t1Start       : 0.00000
t1End         : 3.32500
t2Start       : 3.32500
t2End         : 3.43500
tAvgIndex     : 1.71750

