Iteration     : 1
CompLabel     : a
averageVal1   : 1.59187
averageVal2   : -1.46054
AVG_MAG_VAL   : -0.61396
rmsVal1       : 2.04273
rmsVal2       : 2.04273
AVG_RMS_Val   : 2.19007
amplitudeVal1 : 1.70280
amplitudeVal2 : 0.08438
AVG_AMP_VAL   : 2.14233
Label 1       : bpos
Label 2       : bpos
t1Start       : 0.00000
t1End         : 7.35000
t2Start       : 7.35000
t2End         : 8.10500
tAvgIndex     : 4.05250

