Iteration     : 1
CompLabel     : CT
averageVal1   : 1.25187
averageVal2   : 1.25187
AVG_MAG_VAL   : 1.25187
rmsVal1       : 10.07310
rmsVal2       : 10.07310
AVG_RMS_Val   : 10.07310
amplitudeVal1 : 11.92223
amplitudeVal2 : 11.92223
AVG_AMP_VAL   : 11.92223
Label 1       : pc
Label 2       : z
t1Start       : 0.00000
t1End         : 3.32500
t2Start       : 3.32500
t2End         : 3.42000
tAvgIndex     : 1.71000

