Iteration     : 1
CompLabel     : FX
averageVal1   : -0.12207
averageVal2   : 0.15299
AVG_MAG_VAL   : 0.01546
rmsVal1       : -0.07016
rmsVal2       : -0.07016
AVG_RMS_Val   : 0.61430
amplitudeVal1 : 0.35458
amplitudeVal2 : 0.84216
AVG_AMP_VAL   : 0.84216
Label 1       : a
Label 2       : a
t1Start       : 0.00000
t1End         : 3.32500
t2Start       : 3.32500
t2End         : 3.42000
tAvgIndex     : 1.71000

