Iteration     : 1
CompLabel     : FX
averageVal1   : -0.16435
averageVal2   : -0.16435
AVG_MAG_VAL   : -0.16435
rmsVal1       : -0.09985
rmsVal2       : -0.09985
AVG_RMS_Val   : -0.09985
amplitudeVal1 : 0.02012
amplitudeVal2 : 0.02012
AVG_AMP_VAL   : 0.02012
Label 1       : k
Label 2       : k
t1Start       : 0.00000
t1End         : 4.49500
t2Start       : 0.00000
t2End         : 4.49500
tAvgIndex     : 2.24750

