Iteration     : 1
CompLabel     : FX
averageVal1   : 3.17700
averageVal2   : 3.17700
AVG_MAG_VAL   : 3.17700
rmsVal1       : 2.28266
rmsVal2       : 2.28266
AVG_RMS_Val   : 2.28266
amplitudeVal1 : 0.22413
amplitudeVal2 : 0.22413
AVG_AMP_VAL   : 0.22413
Label 1       : k
Label 2       : k
t1Start       : 0.00000
t1End         : 4.49500
t2Start       : 0.00000
t2End         : 4.49500
tAvgIndex     : 2.24750

