Iteration     : 1
CompLabel     : FX
averageVal1   : -1.69657
averageVal2   : -1.69657
AVG_MAG_VAL   : -1.69657
rmsVal1       : -1.57324
rmsVal2       : -1.57324
AVG_RMS_Val   : -1.57324
amplitudeVal1 : 0.24191
amplitudeVal2 : 0.24191
AVG_AMP_VAL   : 0.24191
Label 1       : k
Label 2       : k
t1Start       : 0.00000
t1End         : 4.49500
t2Start       : 0.00000
t2End         : 4.49500
tAvgIndex     : 2.24750

