Iteration     : 1
CompLabel     : FX
averageVal1   : -0.13007
averageVal2   : -0.13007
AVG_MAG_VAL   : -0.13007
rmsVal1       : -0.07388
rmsVal2       : -0.07388
AVG_RMS_Val   : -0.07388
amplitudeVal1 : 0.05884
amplitudeVal2 : 0.05884
AVG_AMP_VAL   : 0.05884
Label 1       : k
Label 2       : k
t1Start       : 0.00000
t1End         : 4.49500
t2Start       : 0.00000
t2End         : 4.49500
tAvgIndex     : 2.24750

