Iteration : 2
Average   : -0.00191
Max Val   : -0.00057
Min Val   : -0.00324
Start     : 3.67500
Finish    : 3.85000
Gradient  : -0.01521
Grad Label: cons  

Iteration : 3
Average   : -0.01300
Max Val   : 0.00432
Min Val   : -0.03033
Start     : 3.85000
Finish    : 3.87500
Gradient  : 1.38594
Grad Label: spos  

Iteration : 4
Average   : 0.12447
Max Val   : 0.32611
Min Val   : -0.07717
Start     : 3.87500
Finish    : 3.94000
Gradient  : 6.49414
Grad Label: bpos  

