Iteration : 2
Average   : 1.96766
Max Val   : 2.04306
Min Val   : 1.89226
Start     : 0.15000
Finish    : 0.30000
Gradient  : 1.00532
Grad Label: spos  

Iteration : 3
Average   : 2.14413
Max Val   : 2.22259
Min Val   : 2.06567
Start     : 0.30000
Finish    : 3.87500
Gradient  : 0.04390
Grad Label: cons  

Iteration : 4
Average   : -0.45059
Max Val   : 2.07114
Min Val   : -2.97232
Start     : 3.87500
Finish    : 3.94000
Gradient  : -76.35935
Grad Label: nimp  

