Iteration : 2
Average   : 0.00190
Max Val   : 0.00281
Min Val   : 0.00099
Start     : 1.05000
Finish    : 3.87500
Gradient  : -0.00064
Grad Label: cons  

Iteration : 3
Average   : 0.04265
Max Val   : 0.08441
Min Val   : 0.00089
Start     : 3.87500
Finish    : 3.94000
Gradient  : 1.52763
Grad Label: spos  

