Iteration : 2
Average   : -0.04265
Max Val   : 0.00261
Min Val   : -0.08792
Start     : 3.32500
Finish    : 3.37500
Gradient  : -1.81062
Grad Label: sneg  

Iteration : 3
Average   : -0.00538
Max Val   : 0.10939
Min Val   : -0.12015
Start     : 3.37500
Finish    : 3.46000
Gradient  : 3.03624
Grad Label: mpos  

