Iteration : 2
Average   : -0.00994
Max Val   : -0.00287
Min Val   : -0.01702
Start     : 3.35000
Finish    : 3.37500
Gradient  : -0.56607
Grad Label: sneg  

Iteration : 3
Average   : -0.02496
Max Val   : -0.01908
Min Val   : -0.03085
Start     : 3.37500
Finish    : 3.46000
Gradient  : 0.07556
Grad Label: cons  

