Iteration     : 1
CompLabel     : FX
averageVal1   : 0.00076
averageVal2   : 0.04061
AVG_MAG_VAL   : 0.03658
rmsVal1       : 0.00150
rmsVal2       : 0.00150
AVG_RMS_Val   : 0.13808
amplitudeVal1 : 0.07601
amplitudeVal2 : 0.23143
AVG_AMP_VAL   : 0.23143
Label 1       : a
Label 2       : a
t1Start       : 0.00000
t1End         : 4.00000
t2Start       : 4.00000
t2End         : 4.11500
tAvgIndex     : 2.05750

