Iteration     : 1
CompLabel     : FX
averageVal1   : 2.09567
averageVal2   : 0.16500
AVG_MAG_VAL   : 1.22189
rmsVal1       : 2.18265
rmsVal2       : 2.18265
AVG_RMS_Val   : 2.88757
amplitudeVal1 : 1.76980
amplitudeVal2 : 5.44514
AVG_AMP_VAL   : 5.44514
Label 1       : a
Label 2       : a
t1Start       : 0.00000
t1End         : 3.92500
t2Start       : 3.92500
t2End         : 4.11500
tAvgIndex     : 2.05750

