Iteration     : 1
CompLabel     : FX
averageVal1   : 0.00483
averageVal2   : -0.02445
AVG_MAG_VAL   : 0.00502
rmsVal1       : 0.01982
rmsVal2       : 0.01982
AVG_RMS_Val   : 0.03836
amplitudeVal1 : 0.02887
amplitudeVal2 : 0.07135
AVG_AMP_VAL   : 0.07135
Label 1       : a
Label 2       : a
t1Start       : 0.00000
t1End         : 3.57500
t2Start       : 3.57500
t2End         : 4.11500
tAvgIndex     : 2.05750

