Iteration     : 1
CompLabel     : FX
averageVal1   : -0.10945
averageVal2   : 0.14741
AVG_MAG_VAL   : -0.01243
rmsVal1       : -0.09995
rmsVal2       : -0.09995
AVG_RMS_Val   : 0.40420
amplitudeVal1 : 0.17198
amplitudeVal2 : 0.51358
AVG_AMP_VAL   : 0.51358
Label 1       : a
Label 2       : a
t1Start       : 0.00000
t1End         : 3.47500
t2Start       : 3.47500
t2End         : 4.11500
tAvgIndex     : 2.05750

