Iteration : 2
Average   : -0.01395
Max Val   : -0.00005
Min Val   : -0.02785
Start     : 2.97500
Finish    : 3.92500
Gradient  : -0.02927
Grad Label: cons  

Iteration : 3
Average   : -0.03934
Max Val   : -0.03112
Min Val   : -0.04756
Start     : 3.92500
Finish    : 3.95000
Gradient  : -0.65751
Grad Label: sneg  

Iteration : 4
Average   : -0.05846
Max Val   : -0.05362
Min Val   : -0.06329
Start     : 3.95000
Finish    : 3.97500
Gradient  : 0.38943
Grad Label: spos  

