Iteration : 2
Average   : 0.14991
Max Val   : 0.34349
Min Val   : -0.04366
Start     : 3.87500
Finish    : 3.92500
Gradient  : 7.74298
Grad Label: pimp  

Iteration : 3
Average   : 0.43492
Max Val   : 0.46708
Min Val   : 0.40276
Start     : 3.92500
Finish    : 3.95000
Gradient  : 2.57276
Grad Label: mpos  

Iteration : 4
Average   : 0.48855
Max Val   : 0.58752
Min Val   : 0.38957
Start     : 3.95000
Finish    : 3.97500
Gradient  : 7.09202
Grad Label: pimp  

