Iteration     : 1
CompLabel     : FX
averageVal1   : -0.11416
averageVal2   : -0.11416
AVG_MAG_VAL   : -0.11416
rmsVal1       : -0.09981
rmsVal2       : -0.09981
AVG_RMS_Val   : -0.09981
amplitudeVal1 : 0.02160
amplitudeVal2 : 0.02160
AVG_AMP_VAL   : 0.02160
Label 1       : k
Label 2       : k
t1Start       : 0.00000
t1End         : 4.49500
t2Start       : 0.00000
t2End         : 4.49500
tAvgIndex     : 2.24750

