Iteration     : 1
CompLabel     : FX
averageVal1   : -0.12459
averageVal2   : -0.12459
AVG_MAG_VAL   : -0.12459
rmsVal1       : -0.07462
rmsVal2       : -0.07462
AVG_RMS_Val   : -0.07462
amplitudeVal1 : 0.03084
amplitudeVal2 : 0.03084
AVG_AMP_VAL   : 0.03084
Label 1       : k
Label 2       : k
t1Start       : 0.00000
t1End         : 4.49500
t2Start       : 0.00000
t2End         : 4.49500
tAvgIndex     : 2.24750

