Iteration     : 1
CompLabel     : FX
averageVal1   : -2.46497
averageVal2   : -2.46497
AVG_MAG_VAL   : -2.46497
rmsVal1       : -1.51860
rmsVal2       : -1.51860
AVG_RMS_Val   : -1.51860
amplitudeVal1 : 0.29721
amplitudeVal2 : 0.29721
AVG_AMP_VAL   : 0.29721
Label 1       : k
Label 2       : k
t1Start       : 0.00000
t1End         : 4.49500
t2Start       : 0.00000
t2End         : 4.49500
tAvgIndex     : 2.24750

