Iteration     : 1
CompLabel     : CT
averageVal1   : 0.05195
averageVal2   : 0.05195
AVG_MAG_VAL   : 0.05195
rmsVal1       : 0.55098
rmsVal2       : 0.55098
AVG_RMS_Val   : 0.55098
amplitudeVal1 : 0.67323
amplitudeVal2 : 0.67323
AVG_AMP_VAL   : 0.67323
Label 1       : pc
Label 2       : z
t1Start       : 0.00000
t1End         : 3.82500
t2Start       : 3.82500
t2End         : 3.91000
tAvgIndex     : 1.95500

