Iteration     : 1
CompLabel     : FX
averageVal1   : -0.02913
averageVal2   : -0.02913
AVG_MAG_VAL   : -0.02913
rmsVal1       : 0.00501
rmsVal2       : 0.00501
AVG_RMS_Val   : 0.00501
amplitudeVal1 : 0.05781
amplitudeVal2 : 0.05781
AVG_AMP_VAL   : 0.05781
Label 1       : k
Label 2       : k
t1Start       : 0.00000
t1End         : 3.91000
t2Start       : 0.00000
t2End         : 3.91000
tAvgIndex     : 1.95500

