Iteration     : 1
CompLabel     : CT
averageVal1   : 0.79167
averageVal2   : 0.79167
AVG_MAG_VAL   : 0.79167
rmsVal1       : 9.72171
rmsVal2       : 9.72171
AVG_RMS_Val   : 9.72171
amplitudeVal1 : 11.58532
amplitudeVal2 : 11.58532
AVG_AMP_VAL   : 11.58532
Label 1       : pc
Label 2       : z
t1Start       : 0.00000
t1End         : 3.82500
t2Start       : 3.82500
t2End         : 3.91000
tAvgIndex     : 1.95500

