Iteration     : 1
CompLabel     : FX
averageVal1   : 3.14580
averageVal2   : -0.82659
AVG_MAG_VAL   : 1.15961
rmsVal1       : 2.23593
rmsVal2       : 2.23593
AVG_RMS_Val   : 2.66204
amplitudeVal1 : 2.80537
amplitudeVal2 : 4.03290
AVG_AMP_VAL   : 4.03290
Label 1       : a
Label 2       : a
t1Start       : 0.00000
t1End         : 3.70000
t2Start       : 3.70000
t2End         : 3.83000
tAvgIndex     : 1.91500

