Iteration     : 1
CompLabel     : FX
averageVal1   : -0.11038
averageVal2   : 0.28807
AVG_MAG_VAL   : 0.08885
rmsVal1       : -0.10033
rmsVal2       : -0.10033
AVG_RMS_Val   : 0.51528
amplitudeVal1 : 0.51931
amplitudeVal2 : 0.62420
AVG_AMP_VAL   : 0.62420
Label 1       : a
Label 2       : a
t1Start       : 0.00000
t1End         : 3.70000
t2Start       : 3.70000
t2End         : 3.83000
tAvgIndex     : 1.91500

