Iteration     : 1
CompLabel     : FX
averageVal1   : -0.10917
averageVal2   : 0.16525
AVG_MAG_VAL   : -0.04383
rmsVal1       : -0.09949
rmsVal2       : -0.09949
AVG_RMS_Val   : 0.44682
amplitudeVal1 : 0.23783
amplitudeVal2 : 0.56313
AVG_AMP_VAL   : 0.57485
Label 1       : a
Label 2       : a
t1Start       : 0.00000
t1End         : 3.37500
t2Start       : 3.37500
t2End         : 4.28500
tAvgIndex     : 2.14250

