Iteration : 2
Average   : -0.00263
Max Val   : -0.00133
Min Val   : -0.00393
Start     : 3.87500
Finish    : 4.49500
Gradient  : -0.00419
Grad Label: cons  

