Iteration : 1
Average   : -0.10992
Max Val   : -0.09922
Min Val   : -0.12062
Start     : 0.00000
Finish    : 4.49500
Gradient  : -0.00535
Grad Label: cons  

