Iteration : 2
Average   : -0.01406
Max Val   : -0.00202
Min Val   : -0.02610
Start     : 3.02500
Finish    : 4.49500
Gradient  : -0.01806
Grad Label: cons  

