Iteration : 2
Average   : -0.08961
Max Val   : -0.07977
Min Val   : -0.09945
Start     : 1.50000
Finish    : 2.65000
Gradient  : -0.01711
Grad Label: cons  

Iteration : 3
Average   : -0.03681
Max Val   : 0.00642
Min Val   : -0.08004
Start     : 2.65000
Finish    : 4.12500
Gradient  : 0.05862
Grad Label: cons  

Iteration : 4
Average   : -0.02341
Max Val   : -0.01203
Min Val   : -0.03478
Start     : 4.12500
Finish    : 4.49500
Gradient  : -0.05701
Grad Label: cons  

