Iteration : 2
Average   : -1.70438
Max Val   : -1.59497
Min Val   : -1.81379
Start     : 0.35000
Finish    : 3.00000
Gradient  : -0.08257
Grad Label: cons  

Iteration : 3
Average   : -1.68747
Max Val   : -1.61948
Min Val   : -1.75546
Start     : 3.00000
Finish    : 4.49500
Gradient  : 0.09967
Grad Label: cons  

