Iteration : 2
Average   : 2.15399
Max Val   : 2.24711
Min Val   : 2.06087
Start     : 0.47500
Finish    : 4.49500
Gradient  : 0.04634
Grad Label: cons  

