Iteration     : 1
CompLabel     : a
averageVal1   : 0.03912
averageVal2   : 0.00949
AVG_MAG_VAL   : 0.00996
rmsVal1       : 0.03912
rmsVal2       : 0.00949
AVG_RMS_Val   : 0.01234
amplitudeVal1 : 0.01622
amplitudeVal2 : 0.03040
AVG_AMP_VAL   : 0.03034
Label 1       : bpos
Label 2       : bpos
t1Start       : 0.00000
t1End         : 9.77500
t2Start       : 9.77500
t2End         : 9.82500
tAvgIndex     : 4.91250

Iteration     : 2
CompLabel     : a
averageVal1   : -0.02272
averageVal2   : 0.03546
AVG_MAG_VAL   : 0.00637
rmsVal1       : -0.02272
rmsVal2       : 0.05591
AVG_RMS_Val   : 0.00841
amplitudeVal1 : 0.00269
amplitudeVal2 : 0.01031
AVG_AMP_VAL   : 0.00650
Label 1       : bpos
Label 2       : bpos
t1Start       : 9.82500
t1End         : 9.87500
t2Start       : 9.87500
t2End         : 10.40500
tAvgIndex     : 10.11500

