Iteration : 1
Average   : 0.00239
Max Val   : 0.00512
Min Val   : -0.00034
Start     : 0.00000
Finish    : 3.35000
Gradient  : -0.00163
Grad Label: cons  

Iteration : 2
Average   : -0.00618
Max Val   : 0.00031
Min Val   : -0.01268
Start     : 3.35000
Finish    : 3.37500
Gradient  : 0.51955
Grad Label: spos  

Iteration : 3
Average   : 0.01805
Max Val   : 0.03678
Min Val   : -0.00068
Start     : 3.37500
Finish    : 3.44000
Gradient  : 0.57663
Grad Label: spos  

