Iteration : 1
Average   : 0.00002
Max Val   : 0.00143
Min Val   : -0.00140
Start     : 0.00000
Finish    : 3.32500
Gradient  : -0.00085
Grad Label: cons  

Iteration : 2
Average   : -0.06625
Max Val   : -0.03911
Min Val   : -0.09340
Start     : 3.32500
Finish    : 3.37500
Gradient  : -1.08572
Grad Label: sneg  

Iteration : 3
Average   : -0.01156
Max Val   : 0.09055
Min Val   : -0.11366
Start     : 3.37500
Finish    : 3.44000
Gradient  : 3.37077
Grad Label: mpos  

