Iteration     : 1
CompLabel     : FX
averageVal1   : -0.00106
averageVal2   : -0.00106
AVG_MAG_VAL   : -0.00106
rmsVal1       : 0.00078
rmsVal2       : 0.00078
AVG_RMS_Val   : 0.00078
amplitudeVal1 : 0.00426
amplitudeVal2 : 0.00426
AVG_AMP_VAL   : 0.00426
Label 1       : k
Label 2       : k
t1Start       : 0.00000
t1End         : 4.50500
t2Start       : 0.00000
t2End         : 4.50500
tAvgIndex     : 2.25250

