Iteration     : 1
CompLabel     : FX
averageVal1   : -0.07907
averageVal2   : -0.07907
AVG_MAG_VAL   : -0.07907
rmsVal1       : -0.01375
rmsVal2       : -0.01375
AVG_RMS_Val   : -0.01375
amplitudeVal1 : 0.08496
amplitudeVal2 : 0.08496
AVG_AMP_VAL   : 0.08496
Label 1       : k
Label 2       : k
t1Start       : 0.00000
t1End         : 4.50500
t2Start       : 0.00000
t2End         : 4.50500
tAvgIndex     : 2.25250

