Iteration     : 1
CompLabel     : FX
averageVal1   : -0.00288
averageVal2   : -0.00288
AVG_MAG_VAL   : -0.00288
rmsVal1       : 0.00412
rmsVal2       : 0.00412
AVG_RMS_Val   : 0.00412
amplitudeVal1 : 0.02531
amplitudeVal2 : 0.02531
AVG_AMP_VAL   : 0.02531
Label 1       : k
Label 2       : k
t1Start       : 0.00000
t1End         : 4.50500
t2Start       : 0.00000
t2End         : 4.50500
tAvgIndex     : 2.25250

