Iteration     : 1
CompLabel     : a
averageVal1   : -0.00044
averageVal2   : 0.07836
AVG_MAG_VAL   : -0.00829
rmsVal1       : -0.00044
rmsVal2       : 0.08883
AVG_RMS_Val   : -0.01217
amplitudeVal1 : 0.23663
amplitudeVal2 : 0.20857
AVG_AMP_VAL   : 0.32524
Label 1       : bpos
Label 2       : bpos
t1Start       : 0.00000
t1End         : 3.67500
t2Start       : 3.67500
t2End         : 5.47000
tAvgIndex     : 2.73500

