Iteration     : 1
CompLabel     : CT
averageVal1   : -0.31867
averageVal2   : -0.31867
AVG_MAG_VAL   : -0.31867
rmsVal1       : 10.98750
rmsVal2       : 10.98750
AVG_RMS_Val   : 10.98750
amplitudeVal1 : 14.35568
amplitudeVal2 : 14.35568
AVG_AMP_VAL   : 14.35568
Label 1       : pc
Label 2       : z
t1Start       : 0.00000
t1End         : 3.75000
t2Start       : 3.75000
t2End         : 3.83000
tAvgIndex     : 1.91500

