Iteration     : 1
CompLabel     : CT
averageVal1   : 0.65658
averageVal2   : 0.65658
AVG_MAG_VAL   : 0.65658
rmsVal1       : 2.18439
rmsVal2       : 2.18439
AVG_RMS_Val   : 2.18439
amplitudeVal1 : 5.71442
amplitudeVal2 : 5.71442
AVG_AMP_VAL   : 5.71442
Label 1       : nc
Label 2       : z
t1Start       : 0.00000
t1End         : 3.77500
t2Start       : 3.77500
t2End         : 3.83000
tAvgIndex     : 1.91500

