Iteration     : 1
CompLabel     : CT
averageVal1   : -0.01609
averageVal2   : -0.01609
AVG_MAG_VAL   : -0.01609
rmsVal1       : 0.58545
rmsVal2       : 0.58545
AVG_RMS_Val   : 0.58545
amplitudeVal1 : 0.79687
amplitudeVal2 : 0.79687
AVG_AMP_VAL   : 0.79687
Label 1       : pc
Label 2       : z
t1Start       : 0.00000
t1End         : 3.75000
t2Start       : 3.75000
t2End         : 3.83000
tAvgIndex     : 1.91500

