Iteration     : 1
CompLabel     : FX
averageVal1   : 2.10595
averageVal2   : 1.19749
AVG_MAG_VAL   : 1.53919
rmsVal1       : 2.25280
rmsVal2       : 2.25280
AVG_RMS_Val   : 2.63310
amplitudeVal1 : 0.57328
amplitudeVal2 : 1.79319
AVG_AMP_VAL   : 2.76269
Label 1       : a
Label 2       : a
t1Start       : 0.00000
t1End         : 3.97500
t2Start       : 3.97500
t2End         : 4.50000
tAvgIndex     : 2.25000

