Iteration     : 1
CompLabel     : FX
averageVal1   : 2.10672
averageVal2   : 2.10672
AVG_MAG_VAL   : 2.10672
rmsVal1       : 2.25722
rmsVal2       : 2.25722
AVG_RMS_Val   : 2.25722
amplitudeVal1 : 0.20423
amplitudeVal2 : 0.20423
AVG_AMP_VAL   : 0.20423
Label 1       : k
Label 2       : k
t1Start       : 0.00000
t1End         : 4.50000
t2Start       : 0.00000
t2End         : 4.50000
tAvgIndex     : 2.25000

