Iteration     : 1
CompLabel     : FX
averageVal1   : -0.11006
averageVal2   : -0.11006
AVG_MAG_VAL   : -0.11006
rmsVal1       : -0.09887
rmsVal2       : -0.09887
AVG_RMS_Val   : -0.09887
amplitudeVal1 : 0.02237
amplitudeVal2 : 0.02237
AVG_AMP_VAL   : 0.02237
Label 1       : k
Label 2       : k
t1Start       : 0.00000
t1End         : 4.50000
t2Start       : 0.00000
t2End         : 4.50000
tAvgIndex     : 2.25000

