Iteration     : 1
CompLabel     : FX
averageVal1   : -2.47217
averageVal2   : -2.47217
AVG_MAG_VAL   : -2.47217
rmsVal1       : -1.55949
rmsVal2       : -1.55949
AVG_RMS_Val   : -1.55949
amplitudeVal1 : 0.25576
amplitudeVal2 : 0.25576
AVG_AMP_VAL   : 0.25576
Label 1       : k
Label 2       : k
t1Start       : 0.00000
t1End         : 4.50000
t2Start       : 0.00000
t2End         : 4.50000
tAvgIndex     : 2.25000

