Iteration     : 1
CompLabel     : FX
averageVal1   : -0.07530
averageVal2   : -0.07530
AVG_MAG_VAL   : -0.07530
rmsVal1       : 0.01111
rmsVal2       : 0.01111
AVG_RMS_Val   : 0.01111
amplitudeVal1 : 0.11053
amplitudeVal2 : 0.11053
AVG_AMP_VAL   : 0.11053
Label 1       : k
Label 2       : k
t1Start       : 0.00000
t1End         : 4.50000
t2Start       : 0.00000
t2End         : 4.50000
tAvgIndex     : 2.25000

