Iteration     : 1
CompLabel     : CT
averageVal1   : 0.67495
averageVal2   : 0.67495
AVG_MAG_VAL   : 0.67495
rmsVal1       : 2.25313
rmsVal2       : 2.25313
AVG_RMS_Val   : 2.25313
amplitudeVal1 : 6.01237
amplitudeVal2 : 6.01237
AVG_AMP_VAL   : 6.01237
Label 1       : nc
Label 2       : z
t1Start       : 0.00000
t1End         : 3.90000
t2Start       : 3.90000
t2End         : 3.94500
tAvgIndex     : 1.97250

