Iteration     : 1
CompLabel     : CT
averageVal1   : -0.00845
averageVal2   : -0.00845
AVG_MAG_VAL   : -0.00845
rmsVal1       : 0.62251
rmsVal2       : 0.62251
AVG_RMS_Val   : 0.62251
amplitudeVal1 : 0.83230
amplitudeVal2 : 0.83230
AVG_AMP_VAL   : 0.83230
Label 1       : pc
Label 2       : z
t1Start       : 0.00000
t1End         : 3.87500
t2Start       : 3.87500
t2End         : 3.94500
tAvgIndex     : 1.97250

