Iteration     : 1
CompLabel     : CT
averageVal1   : -0.34126
averageVal2   : -0.34126
AVG_MAG_VAL   : -0.34126
rmsVal1       : 10.27030
rmsVal2       : 10.27030
AVG_RMS_Val   : 10.27030
amplitudeVal1 : 13.38604
amplitudeVal2 : 13.38604
AVG_AMP_VAL   : 13.38604
Label 1       : pc
Label 2       : z
t1Start       : 0.00000
t1End         : 3.87500
t2Start       : 3.87500
t2End         : 3.94500
tAvgIndex     : 1.97250

