Iteration     : 1
CompLabel     : FX
averageVal1   : -0.10978
averageVal2   : 0.13799
AVG_MAG_VAL   : 0.01411
rmsVal1       : -0.10006
rmsVal2       : -0.10006
AVG_RMS_Val   : 0.39427
amplitudeVal1 : 0.51376
amplitudeVal2 : 0.51257
AVG_AMP_VAL   : 0.51376
Label 1       : a
Label 2       : a
t1Start       : 0.00000
t1End         : 3.62500
t2Start       : 3.62500
t2End         : 3.73500
tAvgIndex     : 1.86750

