Iteration     : 1
CompLabel     : FX
averageVal1   : 0.00286
averageVal2   : 0.01204
AVG_MAG_VAL   : 0.00820
rmsVal1       : 0.00402
rmsVal2       : 0.00402
AVG_RMS_Val   : 0.02182
amplitudeVal1 : 0.01682
amplitudeVal2 : 0.02734
AVG_AMP_VAL   : 0.03044
Label 1       : bpos
Label 2       : bpos
t1Start       : 0.00000
t1End         : 4.35000
t2Start       : 4.35000
t2End         : 9.97000
tAvgIndex     : 4.98500

