Iteration : 2
Average   : -0.11277
Max Val   : -0.10662
Min Val   : -0.11892
Start     : 1.00000
Finish    : 2.97500
Gradient  : -0.00623
Grad Label: cons  

Iteration : 3
Average   : -0.11725
Max Val   : -0.11654
Min Val   : -0.11795
Start     : 2.97500
Finish    : 4.50000
Gradient  : -0.00101
Grad Label: cons  

