Iteration : 2
Average   : 2.05706
Max Val   : 2.05816
Min Val   : 2.05595
Start     : 0.15000
Finish    : 0.40000
Gradient  : -0.00884
Grad Label: cons  

Iteration : 3
Average   : 2.18014
Max Val   : 2.30346
Min Val   : 2.05682
Start     : 0.40000
Finish    : 4.50000
Gradient  : 0.06001
Grad Label: cons  

