Iteration : 1
Average   : 0.00120
Max Val   : 0.00311
Min Val   : -0.00071
Start     : 0.00000
Finish    : 4.50000
Gradient  : -0.00037
Grad Label: cons  

