Iteration : 2
Average   : -1.69433
Max Val   : -1.57152
Min Val   : -1.81714
Start     : 0.17500
Finish    : 3.10000
Gradient  : -0.08397
Grad Label: cons  

Iteration : 3
Average   : -1.68826
Max Val   : -1.63057
Min Val   : -1.74596
Start     : 3.10000
Finish    : 4.50000
Gradient  : 0.09033
Grad Label: cons  

