Iteration : 1
Average   : 0.00268
Max Val   : 0.00442
Min Val   : 0.00094
Start     : 0.00000
Finish    : 4.50000
Gradient  : -0.00082
Grad Label: cons  

