Iteration : 2
Average   : -0.08262
Max Val   : -0.07325
Min Val   : -0.09200
Start     : 0.15000
Finish    : 1.47500
Gradient  : 0.01415
Grad Label: cons  

Iteration : 3
Average   : -0.09160
Max Val   : -0.07999
Min Val   : -0.10321
Start     : 1.47500
Finish    : 3.02500
Gradient  : -0.01498
Grad Label: cons  

Iteration : 4
Average   : -0.10202
Max Val   : -0.09881
Min Val   : -0.10522
Start     : 3.02500
Finish    : 4.50000
Gradient  : -0.00445
Grad Label: cons  

