Iteration : 1
Average   : -0.10833
Max Val   : -0.09945
Min Val   : -0.11721
Start     : 0.00000
Finish    : 3.15000
Gradient  : -0.00564
Grad Label: cons  

Iteration : 2
Average   : 0.14100
Max Val   : 0.39864
Min Val   : -0.11665
Start     : 3.15000
Finish    : 3.22500
Gradient  : 7.19223
Grad Label: pimp  

