Iteration : 1
Average   : 2.05481
Max Val   : 2.05719
Min Val   : 2.05243
Start     : 0.00000
Finish    : 0.47500
Gradient  : 0.01002
Grad Label: cons  

Iteration : 2
Average   : 2.12406
Max Val   : 2.16096
Min Val   : 2.08716
Start     : 0.47500
Finish    : 3.15000
Gradient  : 0.02759
Grad Label: cons  

Iteration : 3
Average   : -0.90054
Max Val   : 2.19889
Min Val   : -3.99998
Start     : 3.15000
Finish    : 3.22500
Gradient  : -86.21461
Grad Label: nimp  

