Iteration     : 1
CompLabel     : FX
averageVal1   : -0.09548
averageVal2   : 0.57018
AVG_MAG_VAL   : 0.40596
rmsVal1       : -0.02224
rmsVal2       : -0.02224
AVG_RMS_Val   : 4.39068
amplitudeVal1 : 1.55655
amplitudeVal2 : 2.38815
AVG_AMP_VAL   : 2.54185
Label 1       : bpos
Label 2       : bpos
t1Start       : 0.00000
t1End         : 3.65000
t2Start       : 3.65000
t2End         : 6.48000
tAvgIndex     : 3.24000

