Iteration     : 1
CompLabel     : FX
averageVal1   : 0.00051
averageVal2   : 0.03953
AVG_MAG_VAL   : -0.00045
rmsVal1       : 0.00059
rmsVal2       : 0.00059
AVG_RMS_Val   : 0.33263
amplitudeVal1 : 0.12528
amplitudeVal2 : 0.26308
AVG_AMP_VAL   : 0.26308
Label 1       : bpos
Label 2       : bpos
t1Start       : 0.00000
t1End         : 3.65000
t2Start       : 3.65000
t2End         : 6.48000
tAvgIndex     : 3.24000

