Iteration : 2
Average   : -0.00170
Max Val   : -0.00054
Min Val   : -0.00287
Start     : 3.55000
Finish    : 3.72500
Gradient  : 0.01332
Grad Label: cons  

Iteration : 3
Average   : 0.01088
Max Val   : 0.08170
Min Val   : -0.05995
Start     : 3.72500
Finish    : 3.75000
Gradient  : 5.66596
Grad Label: bpos  

Iteration : 4
Average   : 0.21326
Max Val   : 0.40247
Min Val   : 0.02405
Start     : 3.75000
Finish    : 3.81500
Gradient  : 4.73198
Grad Label: bpos  

