Iteration : 2
Average   : 2.14161
Max Val   : 2.19401
Min Val   : 2.08920
Start     : 0.47500
Finish    : 3.75000
Gradient  : 0.03200
Grad Label: cons  

Iteration : 3
Average   : -0.46787
Max Val   : 2.02451
Min Val   : -2.96024
Start     : 3.75000
Finish    : 3.81500
Gradient  : -59.96186
Grad Label: bneg  

