Iteration : 2
Average   : -0.00930
Max Val   : 0.00078
Min Val   : -0.01939
Start     : 3.02500
Finish    : 3.77500
Gradient  : -0.02689
Grad Label: cons  

Iteration : 3
Average   : -0.07123
Max Val   : -0.01837
Min Val   : -0.12409
Start     : 3.77500
Finish    : 3.81500
Gradient  : -1.65826
Grad Label: sneg  

