Iteration : 2
Average   : 0.26635
Max Val   : 0.62201
Min Val   : -0.08931
Start     : 3.75000
Finish    : 3.81500
Gradient  : 8.32367
Grad Label: pimp  

