Iteration     : 1
CompLabel     : a
averageVal1   : 1.59187
averageVal2   : 0.01916
AVG_MAG_VAL   : -1.43388
rmsVal1       : 2.04273
rmsVal2       : 2.04273
AVG_RMS_Val   : 2.31038
amplitudeVal1 : 1.69768
amplitudeVal2 : 1.00419
AVG_AMP_VAL   : 3.29381
Label 1       : bpos
Label 2       : bpos
t1Start       : 0.00000
t1End         : 4.95000
t2Start       : 4.95000
t2End         : 6.41500
tAvgIndex     : 3.20750

