Iteration     : 1
CompLabel     : CT
averageVal1   : 0.65760
averageVal2   : 0.65760
AVG_MAG_VAL   : 0.65760
rmsVal1       : 2.19897
rmsVal2       : 2.19897
AVG_RMS_Val   : 2.19897
amplitudeVal1 : 5.95012
amplitudeVal2 : 5.95012
AVG_AMP_VAL   : 5.95012
Label 1       : nc
Label 2       : z
t1Start       : 0.00000
t1End         : 3.32500
t2Start       : 3.32500
t2End         : 3.40000
tAvgIndex     : 1.70000

