Iteration     : 1
CompLabel     : FX
averageVal1   : -0.00160
averageVal2   : -0.00216
AVG_MAG_VAL   : -0.00188
rmsVal1       : 0.00466
rmsVal2       : 0.00466
AVG_RMS_Val   : 0.02799
amplitudeVal1 : 0.03743
amplitudeVal2 : 0.05125
AVG_AMP_VAL   : 0.05125
Label 1       : a
Label 2       : a
t1Start       : 0.00000
t1End         : 3.35000
t2Start       : 3.35000
t2End         : 3.40000
tAvgIndex     : 1.70000

