Iteration     : 1
CompLabel     : FX
averageVal1   : -0.10864
averageVal2   : 0.13573
AVG_MAG_VAL   : 0.01355
rmsVal1       : -0.10070
rmsVal2       : -0.10070
AVG_RMS_Val   : 0.38764
amplitudeVal1 : 0.50422
amplitudeVal2 : 0.50382
AVG_AMP_VAL   : 0.50422
Label 1       : a
Label 2       : a
t1Start       : 0.00000
t1End         : 3.32500
t2Start       : 3.32500
t2End         : 3.40000
tAvgIndex     : 1.70000

