Iteration : 2
Average   : 0.00020
Max Val   : 0.00071
Min Val   : -0.00032
Start     : 1.70000
Finish    : 3.90000
Gradient  : -0.00047
Grad Label: cons  

Iteration : 3
Average   : -0.00297
Max Val   : -0.00151
Min Val   : -0.00444
Start     : 3.90000
Finish    : 4.49500
Gradient  : -0.00489
Grad Label: cons  

