Iteration : 1
Average   : -0.10944
Max Val   : -0.09758
Min Val   : -0.12130
Start     : 0.00000
Finish    : 4.49500
Gradient  : -0.00541
Grad Label: cons  

