Iteration : 2
Average   : -1.70265
Max Val   : -1.59419
Min Val   : -1.81112
Start     : 0.15000
Finish    : 3.05000
Gradient  : -0.07480
Grad Label: cons  

Iteration : 3
Average   : -1.67564
Max Val   : -1.60338
Min Val   : -1.74790
Start     : 3.05000
Finish    : 4.49500
Gradient  : 0.10882
Grad Label: cons  

