Iteration : 2
Average   : -0.01683
Max Val   : -0.00158
Min Val   : -0.03208
Start     : 2.95000
Finish    : 4.49500
Gradient  : -0.02201
Grad Label: cons  

