Iteration : 2
Average   : 2.06343
Max Val   : 2.06519
Min Val   : 2.06166
Start     : 0.15000
Finish    : 0.47500
Gradient  : 0.01089
Grad Label: cons  

Iteration : 3
Average   : 2.15718
Max Val   : 2.24902
Min Val   : 2.06534
Start     : 0.47500
Finish    : 4.49500
Gradient  : 0.04594
Grad Label: cons  

