Iteration     : 1
CompLabel     : FX
averageVal1   : 2.10970
averageVal2   : 0.62665
AVG_MAG_VAL   : 1.29155
rmsVal1       : 2.20416
rmsVal2       : 2.20416
AVG_RMS_Val   : 2.74530
amplitudeVal1 : 0.64578
amplitudeVal2 : 6.53008
AVG_AMP_VAL   : 6.53008
Label 1       : a
Label 2       : a
t1Start       : 0.00000
t1End         : 4.15000
t2Start       : 4.15000
t2End         : 4.27000
tAvgIndex     : 2.13500

