Iteration     : 1
CompLabel     : a
averageVal1   : 1.59187
averageVal2   : 0.04651
AVG_MAG_VAL   : 0.14030
rmsVal1       : 1.59187
rmsVal2       : 0.15601
AVG_RMS_Val   : 0.21430
amplitudeVal1 : 1.55547
amplitudeVal2 : 0.50846
AVG_AMP_VAL   : 0.95251
Label 1       : bpos
Label 2       : bpos
t1Start       : 0.00000
t1End         : 6.95000
t2Start       : 6.95000
t2End         : 7.35000
tAvgIndex     : 3.67500

