Iteration     : 1
CompLabel     : FX
averageVal1   : 0.00252
averageVal2   : 0.00064
AVG_MAG_VAL   : 0.00158
rmsVal1       : 0.00490
rmsVal2       : 0.00490
AVG_RMS_Val   : 0.02899
amplitudeVal1 : 0.02886
amplitudeVal2 : 0.04606
AVG_AMP_VAL   : 0.04606
Label 1       : a
Label 2       : a
t1Start       : 0.00000
t1End         : 3.35000
t2Start       : 3.35000
t2End         : 3.40000
tAvgIndex     : 1.70000

