Iteration     : 1
CompLabel     : CT
averageVal1   : 0.48971
averageVal2   : 0.48971
AVG_MAG_VAL   : 0.48971
rmsVal1       : 2.19771
rmsVal2       : 2.19771
AVG_RMS_Val   : 2.19771
amplitudeVal1 : 6.61914
amplitudeVal2 : 6.61914
AVG_AMP_VAL   : 6.61914
Label 1       : nc
Label 2       : z
t1Start       : 0.00000
t1End         : 3.32500
t2Start       : 3.32500
t2End         : 3.40000
tAvgIndex     : 1.70000

