Iteration     : 1
CompLabel     : CT
averageVal1   : 0.02181
averageVal2   : 0.02181
AVG_MAG_VAL   : 0.02181
rmsVal1       : 0.42091
rmsVal2       : 0.42091
AVG_RMS_Val   : 0.42091
amplitudeVal1 : 0.53860
amplitudeVal2 : 0.53860
AVG_AMP_VAL   : 0.53860
Label 1       : pc
Label 2       : z
t1Start       : 0.00000
t1End         : 3.32500
t2Start       : 3.32500
t2End         : 3.40000
tAvgIndex     : 1.70000

