Iteration     : 1
CompLabel     : FX
averageVal1   : -0.09593
averageVal2   : 0.55516
AVG_MAG_VAL   : 0.92597
rmsVal1       : -0.02224
rmsVal2       : -0.02224
AVG_RMS_Val   : 4.60303
amplitudeVal1 : 0.74617
amplitudeVal2 : 3.05714
AVG_AMP_VAL   : 4.21895
Label 1       : bpos
Label 2       : bpos
t1Start       : 0.00000
t1End         : 6.25000
t2Start       : 6.25000
t2End         : 6.45500
tAvgIndex     : 3.22750

