Iteration     : 1
CompLabel     : FX
averageVal1   : 0.00051
averageVal2   : 0.14785
AVG_MAG_VAL   : 0.09582
rmsVal1       : 0.00054
rmsVal2       : 0.00054
AVG_RMS_Val   : 0.23539
amplitudeVal1 : 0.03745
amplitudeVal2 : 0.24584
AVG_AMP_VAL   : 0.24584
Label 1       : a
Label 2       : a
t1Start       : 0.00000
t1End         : 4.32500
t2Start       : 4.32500
t2End         : 4.50000
tAvgIndex     : 2.25000

