Iteration     : 1
CompLabel     : FX
averageVal1   : 0.00265
averageVal2   : 0.00669
AVG_MAG_VAL   : 0.00467
rmsVal1       : 0.00463
rmsVal2       : 0.00463
AVG_RMS_Val   : 0.01688
amplitudeVal1 : 0.01621
amplitudeVal2 : 0.01592
AVG_AMP_VAL   : 0.01621
Label 1       : a
Label 2       : a
t1Start       : 0.00000
t1End         : 3.32500
t2Start       : 3.32500
t2End         : 3.42000
tAvgIndex     : 1.71000

