Iteration     : 1
CompLabel     : FX
averageVal1   : -0.10906
averageVal2   : 0.13710
AVG_MAG_VAL   : 0.01402
rmsVal1       : -0.09916
rmsVal2       : -0.09916
AVG_RMS_Val   : 0.39049
amplitudeVal1 : 0.50946
amplitudeVal2 : 0.50679
AVG_AMP_VAL   : 0.50946
Label 1       : a
Label 2       : a
t1Start       : 0.00000
t1End         : 3.32500
t2Start       : 3.32500
t2End         : 3.42000
tAvgIndex     : 1.71000

