Iteration     : 1
CompLabel     : FX
averageVal1   : 2.09447
averageVal2   : -0.66173
AVG_MAG_VAL   : 0.71637
rmsVal1       : 2.19290
rmsVal2       : 2.19290
AVG_RMS_Val   : 2.19842
amplitudeVal1 : 5.72030
amplitudeVal2 : 5.72030
AVG_AMP_VAL   : 5.72030
Label 1       : a
Label 2       : a
t1Start       : 0.00000
t1End         : 3.32500
t2Start       : 3.32500
t2End         : 3.42000
tAvgIndex     : 1.71000

