Iteration     : 1
CompLabel     : a
averageVal1   : -0.09383
averageVal2   : -1.14474
AVG_MAG_VAL   : 0.72697
rmsVal1       : -0.00989
rmsVal2       : -0.00989
AVG_RMS_Val   : 4.71517
amplitudeVal1 : 0.92378
amplitudeVal2 : 0.06088
AVG_AMP_VAL   : 3.85675
Label 1       : bpos
Label 2       : bpos
t1Start       : 0.00000
t1End         : 4.82500
t2Start       : 4.82500
t2End         : 6.43500
tAvgIndex     : 3.21750

