Iteration     : 1
CompLabel     : FX
averageVal1   : 1.59208
averageVal2   : 1.27588
AVG_MAG_VAL   : 1.64991
rmsVal1       : 2.04277
rmsVal2       : 2.04277
AVG_RMS_Val   : 2.78389
amplitudeVal1 : 1.70032
amplitudeVal2 : 4.02121
AVG_AMP_VAL   : 4.02121
Label 1       : a
Label 2       : a
t1Start       : 0.00000
t1End         : 3.62500
t2Start       : 3.62500
t2End         : 3.78000
tAvgIndex     : 1.89000

