Iteration     : 1
CompLabel     : FX
averageVal1   : 0.00020
averageVal2   : -0.03924
AVG_MAG_VAL   : -0.03148
rmsVal1       : 0.00407
rmsVal2       : 0.00407
AVG_RMS_Val   : 0.00407
amplitudeVal1 : 0.05660
amplitudeVal2 : 0.04281
AVG_AMP_VAL   : 0.05660
Label 1       : a
Label 2       : a
t1Start       : 0.00000
t1End         : 3.70000
t2Start       : 3.70000
t2End         : 3.78000
tAvgIndex     : 1.89000

