Iteration     : 1
CompLabel     : FX
averageVal1   : 0.00067
averageVal2   : -0.28427
AVG_MAG_VAL   : -0.16717
rmsVal1       : 0.00124
rmsVal2       : 0.00124
AVG_RMS_Val   : 0.29333
amplitudeVal1 : 0.03221
amplitudeVal2 : 0.37011
AVG_AMP_VAL   : 0.52551
Label 1       : bpos
Label 2       : bpos
t1Start       : 0.00000
t1End         : 6.62500
t2Start       : 6.62500
t2End         : 7.01500
tAvgIndex     : 3.50750

