Iteration     : 1
CompLabel     : FX
averageVal1   : 0.00080
averageVal2   : 0.19671
AVG_MAG_VAL   : 0.06927
rmsVal1       : 0.00163
rmsVal2       : 0.00163
AVG_RMS_Val   : 0.29812
amplitudeVal1 : 0.11172
amplitudeVal2 : 0.18196
AVG_AMP_VAL   : 0.18196
Label 1       : bpos
Label 2       : bpos
t1Start       : 0.00000
t1End         : 3.37500
t2Start       : 3.37500
t2End         : 5.76000
tAvgIndex     : 2.88000

