Iteration : 2
Average   : -1.69999
Max Val   : -1.58523
Min Val   : -1.81475
Start     : 0.32500
Finish    : 3.00000
Gradient  : -0.08580
Grad Label: cons  

Iteration : 3
Average   : -1.66826
Max Val   : -1.58603
Min Val   : -1.75050
Start     : 3.00000
Finish    : 4.49500
Gradient  : 0.12078
Grad Label: cons  

