Iteration : 2
Average   : -0.01416
Max Val   : -0.00200
Min Val   : -0.02632
Start     : 3.02500
Finish    : 4.49500
Gradient  : -0.01826
Grad Label: cons  

