Iteration : 2
Average   : -0.00260
Max Val   : -0.00131
Min Val   : -0.00388
Start     : 3.87500
Finish    : 4.49500
Gradient  : -0.00409
Grad Label: cons  

