Iteration : 2
Average   : 2.17220
Max Val   : 2.28616
Min Val   : 2.05825
Start     : 0.45000
Finish    : 4.49500
Gradient  : 0.05624
Grad Label: cons  

