Iteration : 1
Average   : -0.11069
Max Val   : -0.09889
Min Val   : -0.12248
Start     : 0.00000
Finish    : 4.49500
Gradient  : -0.00582
Grad Label: cons  

