Iteration : 2
Average   : -0.08994
Max Val   : -0.08049
Min Val   : -0.09940
Start     : 1.55000
Finish    : 2.65000
Gradient  : -0.01719
Grad Label: cons  

Iteration : 3
Average   : -0.03646
Max Val   : 0.00691
Min Val   : -0.07983
Start     : 2.65000
Finish    : 4.15000
Gradient  : 0.05782
Grad Label: cons  

Iteration : 4
Average   : -0.02298
Max Val   : -0.01226
Min Val   : -0.03369
Start     : 4.15000
Finish    : 4.49500
Gradient  : -0.05784
Grad Label: cons  

