Iteration     : 1
CompLabel     : CT
averageVal1   : 0.99053
averageVal2   : 0.99053
AVG_MAG_VAL   : 0.99053
rmsVal1       : 4.22140
rmsVal2       : 4.22140
AVG_RMS_Val   : 4.22140
amplitudeVal1 : 4.34973
amplitudeVal2 : 4.34973
AVG_AMP_VAL   : 4.34973
Label 1       : pc
Label 2       : z
t1Start       : 0.00000
t1End         : 3.82500
t2Start       : 3.82500
t2End         : 3.88500
tAvgIndex     : 1.94250

