Iteration     : 1
CompLabel     : CT
averageVal1   : 1.08961
averageVal2   : 1.08961
AVG_MAG_VAL   : 1.08961
rmsVal1       : 2.29575
rmsVal2       : 2.29575
AVG_RMS_Val   : 2.29575
amplitudeVal1 : 6.52969
amplitudeVal2 : 6.52969
AVG_AMP_VAL   : 6.52969
Label 1       : nc
Label 2       : z
t1Start       : 0.00000
t1End         : 3.82500
t2Start       : 3.82500
t2End         : 3.88500
tAvgIndex     : 1.94250

