Iteration     : 1
CompLabel     : CT
averageVal1   : 0.03964
averageVal2   : 0.03964
AVG_MAG_VAL   : 0.03964
rmsVal1       : 0.60894
rmsVal2       : 0.60894
AVG_RMS_Val   : 0.60894
amplitudeVal1 : 0.73131
amplitudeVal2 : 0.73131
AVG_AMP_VAL   : 0.73131
Label 1       : pc
Label 2       : z
t1Start       : 0.00000
t1End         : 3.82500
t2Start       : 3.82500
t2End         : 3.88500
tAvgIndex     : 1.94250

