Iteration     : 1
CompLabel     : CT
averageVal1   : 0.97675
averageVal2   : 0.97675
AVG_MAG_VAL   : 0.97675
rmsVal1       : 10.46140
rmsVal2       : 10.46140
AVG_RMS_Val   : 10.46140
amplitudeVal1 : 12.29787
amplitudeVal2 : 12.29787
AVG_AMP_VAL   : 12.29787
Label 1       : pc
Label 2       : z
t1Start       : 0.00000
t1End         : 3.82500
t2Start       : 3.82500
t2End         : 3.88500
tAvgIndex     : 1.94250

