Iteration     : 1
CompLabel     : FX
averageVal1   : 0.00254
averageVal2   : -0.00756
AVG_MAG_VAL   : -0.04182
rmsVal1       : 0.00438
rmsVal2       : 0.00438
AVG_RMS_Val   : 0.02730
amplitudeVal1 : 0.05933
amplitudeVal2 : 0.00872
AVG_AMP_VAL   : 0.11937
Label 1       : a
Label 2       : a
t1Start       : 0.00000
t1End         : 4.37500
t2Start       : 4.37500
t2End         : 4.46500
tAvgIndex     : 2.23250

