Iteration     : 1
CompLabel     : FX
averageVal1   : 2.09999
averageVal2   : -0.70788
AVG_MAG_VAL   : 0.69605
rmsVal1       : 2.22604
rmsVal2       : 2.22604
AVG_RMS_Val   : 2.22604
amplitudeVal1 : 3.19043
amplitudeVal2 : 4.67986
AVG_AMP_VAL   : 4.67986
Label 1       : a
Label 2       : a
t1Start       : 0.00000
t1End         : 3.72500
t2Start       : 3.72500
t2End         : 3.84000
tAvgIndex     : 1.92000

