Iteration     : 1
CompLabel     : CT
averageVal1   : 2.12075
averageVal2   : 2.12075
AVG_MAG_VAL   : 2.12075
rmsVal1       : 10.47660
rmsVal2       : 10.47660
AVG_RMS_Val   : 10.47660
amplitudeVal1 : 12.32723
amplitudeVal2 : 12.32723
AVG_AMP_VAL   : 12.32723
Label 1       : pc
Label 2       : z
t1Start       : 0.00000
t1End         : 3.72500
t2Start       : 3.72500
t2End         : 3.84000
tAvgIndex     : 1.92000

