Iteration     : 1
CompLabel     : FX
averageVal1   : -0.09047
averageVal2   : 0.14744
AVG_MAG_VAL   : 0.02288
rmsVal1       : -0.05563
rmsVal2       : -0.05563
AVG_RMS_Val   : 0.45071
amplitudeVal1 : 0.08724
amplitudeVal2 : 0.49517
AVG_AMP_VAL   : 0.49517
Label 1       : a
Label 2       : a
t1Start       : 0.00000
t1End         : 3.35000
t2Start       : 3.35000
t2End         : 3.62500
tAvgIndex     : 1.81250

