Iteration : 2
Average   : 0.16276
Max Val   : 0.44153
Min Val   : -0.11601
Start     : 3.32500
Finish    : 3.39500
Gradient  : 7.85081
Grad Label: pimp  

