Iteration : 2
Average   : 2.13224
Max Val   : 2.18673
Min Val   : 2.07776
Start     : 0.45000
Finish    : 3.32500
Gradient  : 0.03791
Grad Label: cons  

Iteration : 3
Average   : -1.46360
Max Val   : 2.19927
Min Val   : -5.12648
Start     : 3.32500
Finish    : 3.39500
Gradient  : -98.08793
Grad Label: nimp  

