Iteration : 2
Average   : -1.70280
Max Val   : -1.58813
Min Val   : -1.81748
Start     : 0.32500
Finish    : 3.07500
Gradient  : -0.08340
Grad Label: cons  

Iteration : 3
Average   : -1.66913
Max Val   : -1.37848
Min Val   : -1.95978
Start     : 3.07500
Finish    : 3.32500
Gradient  : 2.32520
Grad Label: spos  

Iteration : 4
Average   : 4.38284
Max Val   : 10.50620
Min Val   : -1.74051
Start     : 3.32500
Finish    : 3.39500
Gradient  : 179.05370
Grad Label: pimp  

