Iteration : 2
Average   : -0.00414
Max Val   : 0.00261
Min Val   : -0.01089
Start     : 3.32500
Finish    : 3.35000
Gradient  : -0.54002
Grad Label: sneg  

Iteration : 3
Average   : -0.04500
Max Val   : -0.01309
Min Val   : -0.07691
Start     : 3.35000
Finish    : 3.39500
Gradient  : -1.00689
Grad Label: sneg  

