Iteration : 2
Average   : -0.01832
Max Val   : 0.00625
Min Val   : -0.04290
Start     : 3.32500
Finish    : 3.35000
Gradient  : -1.96607
Grad Label: sneg  

Iteration : 3
Average   : -0.07686
Max Val   : -0.04346
Min Val   : -0.11026
Start     : 3.35000
Finish    : 3.39500
Gradient  : -0.90379
Grad Label: sneg  

