Iteration : 2
Average   : -0.09024
Max Val   : -0.08918
Min Val   : -0.09130
Start     : 1.52500
Finish    : 3.32500
Gradient  : -0.00118
Grad Label: cons  

Iteration : 3
Average   : 1.10075
Max Val   : 2.30663
Min Val   : -0.10512
Start     : 3.32500
Finish    : 3.39500
Gradient  : 31.90011
Grad Label: mpos  

