Iteration : 1
Average   : 0.00024
Max Val   : 0.00104
Min Val   : -0.00056
Start     : 0.00000
Finish    : 3.32500
Gradient  : -0.00048
Grad Label: cons  

Iteration : 2
Average   : -0.04232
Max Val   : -0.02197
Min Val   : -0.06267
Start     : 3.32500
Finish    : 3.37500
Gradient  : -0.81393
Grad Label: sneg  

Iteration : 3
Average   : -0.03968
Max Val   : 0.00779
Min Val   : -0.08716
Start     : 3.37500
Finish    : 3.41500
Gradient  : 2.25810
Grad Label: spos  

