Iteration : 1
Average   : -0.10936
Max Val   : -0.09980
Min Val   : -0.11892
Start     : 0.00000
Finish    : 3.32500
Gradient  : -0.00575
Grad Label: cons  

Iteration : 2
Average   : 0.14246
Max Val   : 0.40105
Min Val   : -0.11613
Start     : 3.32500
Finish    : 3.41500
Gradient  : 6.34165
Grad Label: bpos  

