Iteration     : 1
CompLabel     : a
averageVal1   : 0.37522
averageVal2   : 0.81536
AVG_MAG_VAL   : 0.72821
rmsVal1       : 0.37522
rmsVal2       : 0.81558
AVG_RMS_Val   : 0.61506
amplitudeVal1 : 0.27974
amplitudeVal2 : 0.09478
AVG_AMP_VAL   : 0.31896
Label 1       : bpos
Label 2       : bpos
t1Start       : 0.00000
t1End         : 9.67500
t2Start       : 9.67500
t2End         : 10.88000
tAvgIndex     : 5.44000

