Iteration     : 1
CompLabel     : FX
averageVal1   : 0.00236
averageVal2   : -0.04157
AVG_MAG_VAL   : -0.02492
rmsVal1       : 0.00464
rmsVal2       : 0.00464
AVG_RMS_Val   : 0.00464
amplitudeVal1 : 0.07551
amplitudeVal2 : 0.02953
AVG_AMP_VAL   : 0.07551
Label 1       : a
Label 2       : a
t1Start       : 0.00000
t1End         : 3.85000
t2Start       : 3.85000
t2End         : 4.24000
tAvgIndex     : 2.12000

