Iteration     : 1
CompLabel     : FX
averageVal1   : -0.00423
averageVal2   : -0.01223
AVG_MAG_VAL   : -0.00775
rmsVal1       : 0.00508
rmsVal2       : 0.00508
AVG_RMS_Val   : 0.03259
amplitudeVal1 : 0.01834
amplitudeVal2 : 0.06202
AVG_AMP_VAL   : 0.06202
Label 1       : a
Label 2       : a
t1Start       : 0.00000
t1End         : 3.75000
t2Start       : 3.75000
t2End         : 4.10000
tAvgIndex     : 2.05000

