Iteration : 1
Average   : 0.00252
Max Val   : 0.00490
Min Val   : 0.00013
Start     : 0.00000
Finish    : 3.35000
Gradient  : -0.00142
Grad Label: cons  

Iteration : 2
Average   : -0.00906
Max Val   : -0.00105
Min Val   : -0.01707
Start     : 3.35000
Finish    : 3.37500
Gradient  : 0.64041
Grad Label: spos  

Iteration : 3
Average   : 0.01035
Max Val   : 0.02899
Min Val   : -0.00830
Start     : 3.37500
Finish    : 3.40000
Gradient  : 1.26176
Grad Label: spos  

