Iteration : 1
Average   : 2.05434
Max Val   : 2.05724
Min Val   : 2.05145
Start     : 0.00000
Finish    : 0.47500
Gradient  : 0.01218
Grad Label: cons  

Iteration : 2
Average   : 2.12822
Max Val   : 2.16902
Min Val   : 2.08743
Start     : 0.47500
Finish    : 3.32500
Gradient  : 0.02863
Grad Label: cons  

Iteration : 3
Average   : -1.11186
Max Val   : 2.19771
Min Val   : -4.42143
Start     : 3.32500
Finish    : 3.40000
Gradient  : -88.36431
Grad Label: nimp  

