Iteration : 1
Average   : -0.10874
Max Val   : -0.09979
Min Val   : -0.11769
Start     : 0.00000
Finish    : 3.32500
Gradient  : -0.00538
Grad Label: cons  

Iteration : 2
Average   : 0.15237
Max Val   : 0.42091
Min Val   : -0.11617
Start     : 3.32500
Finish    : 3.40000
Gradient  : 7.39726
Grad Label: pimp  

