Iteration     : 1
CompLabel     : FX
averageVal1   : -0.10944
averageVal2   : 0.11574
AVG_MAG_VAL   : 0.00315
rmsVal1       : -0.10017
rmsVal2       : -0.10017
AVG_RMS_Val   : 0.34749
amplitudeVal1 : 0.46620
amplitudeVal2 : 0.46349
AVG_AMP_VAL   : 0.46620
Label 1       : a
Label 2       : a
t1Start       : 0.00000
t1End         : 3.32500
t2Start       : 3.32500
t2End         : 3.43500
tAvgIndex     : 1.71750

