Iteration     : 1
CompLabel     : FX
averageVal1   : 0.00262
averageVal2   : -0.02124
AVG_MAG_VAL   : -0.01064
rmsVal1       : 0.00437
rmsVal2       : 0.00437
AVG_RMS_Val   : 0.00437
amplitudeVal1 : 0.01599
amplitudeVal2 : 0.02301
AVG_AMP_VAL   : 0.02409
Label 1       : a
Label 2       : a
t1Start       : 0.00000
t1End         : 3.35000
t2Start       : 3.35000
t2End         : 3.43500
tAvgIndex     : 1.71750

