Iteration     : 1
CompLabel     : FX
averageVal1   : -0.10928
averageVal2   : 0.13204
AVG_MAG_VAL   : 0.01138
rmsVal1       : -0.09868
rmsVal2       : -0.09868
AVG_RMS_Val   : 0.38029
amplitudeVal1 : 0.50016
amplitudeVal2 : 0.49650
AVG_AMP_VAL   : 0.50016
Label 1       : a
Label 2       : a
t1Start       : 0.00000
t1End         : 3.32500
t2Start       : 3.32500
t2End         : 3.42000
tAvgIndex     : 1.71000

