Iteration     : 1
CompLabel     : CT
averageVal1   : 1.29866
averageVal2   : 1.29866
AVG_MAG_VAL   : 1.29866
rmsVal1       : 10.27990
rmsVal2       : 10.27990
AVG_RMS_Val   : 10.27990
amplitudeVal1 : 12.13031
amplitudeVal2 : 12.13031
AVG_AMP_VAL   : 12.13031
Label 1       : pc
Label 2       : z
t1Start       : 0.00000
t1End         : 3.32500
t2Start       : 3.32500
t2End         : 3.42000
tAvgIndex     : 1.71000

