Iteration     : 1
CompLabel     : FX
averageVal1   : 3.89137
averageVal2   : 4.02028
AVG_MAG_VAL   : 3.88256
rmsVal1       : 4.52101
rmsVal2       : 4.52101
AVG_RMS_Val   : 5.10781
amplitudeVal1 : 3.78925
amplitudeVal2 : 5.28097
AVG_AMP_VAL   : 5.28097
Label 1       : bpos
Label 2       : bpos
t1Start       : 0.00000
t1End         : 6.12500
t2Start       : 6.12500
t2End         : 6.44500
tAvgIndex     : 3.22250

