Iteration     : 1
CompLabel     : FX
averageVal1   : 0.03621
averageVal2   : -0.04905
AVG_MAG_VAL   : -0.02490
rmsVal1       : 0.12005
rmsVal2       : 0.12005
AVG_RMS_Val   : 0.12005
amplitudeVal1 : 0.08921
amplitudeVal2 : 0.04195
AVG_AMP_VAL   : 0.11186
Label 1       : bpos
Label 2       : bpos
t1Start       : 0.00000
t1End         : 6.17500
t2Start       : 6.17500
t2End         : 6.44500
tAvgIndex     : 3.22250

