Iteration     : 1
CompLabel     : FX
averageVal1   : -0.00066
averageVal2   : 0.02327
AVG_MAG_VAL   : 0.00119
rmsVal1       : 0.00402
rmsVal2       : 0.00402
AVG_RMS_Val   : 0.19109
amplitudeVal1 : 0.04161
amplitudeVal2 : 0.03513
AVG_AMP_VAL   : 0.07864
Label 1       : bpos
Label 2       : bpos
t1Start       : 0.00000
t1End         : 4.10000
t2Start       : 4.10000
t2End         : 6.40500
tAvgIndex     : 3.20250

