Iteration : 2
Average   : -1.70136
Max Val   : -1.58381
Min Val   : -1.81891
Start     : 0.32500
Finish    : 3.07500
Gradient  : -0.08549
Grad Label: cons  

Iteration : 3
Average   : -1.67147
Max Val   : -1.38872
Min Val   : -1.95421
Start     : 3.07500
Finish    : 3.32500
Gradient  : 2.26195
Grad Label: spos  

Iteration : 4
Average   : 4.21069
Max Val   : 10.16230
Min Val   : -1.74092
Start     : 3.32500
Finish    : 3.41000
Gradient  : 152.88042
Grad Label: pimp  

