Iteration : 2
Average   : 2.13314
Max Val   : 2.18905
Min Val   : 2.07723
Start     : 0.47500
Finish    : 3.32500
Gradient  : 0.03923
Grad Label: cons  

Iteration : 3
Average   : -0.84486
Max Val   : 2.19954
Min Val   : -3.88926
Start     : 3.32500
Finish    : 3.41000
Gradient  : -78.17193
Grad Label: nimp  

