Iteration : 2
Average   : -0.01964
Max Val   : -0.00405
Min Val   : -0.03524
Start     : 3.32500
Finish    : 3.35000
Gradient  : -1.24783
Grad Label: sneg  

Iteration : 3
Average   : -0.05135
Max Val   : -0.01386
Min Val   : -0.08884
Start     : 3.35000
Finish    : 3.37500
Gradient  : 2.99923
Grad Label: mpos  

Iteration : 4
Average   : 0.02313
Max Val   : 0.07542
Min Val   : -0.02917
Start     : 3.37500
Finish    : 3.41000
Gradient  : 2.43318
Grad Label: mpos  

