Iteration : 2
Average   : -0.00129
Max Val   : -0.00050
Min Val   : -0.00208
Start     : 3.32500
Finish    : 3.35000
Gradient  : -0.06315
Grad Label: cons  

Iteration : 3
Average   : -0.00246
Max Val   : 0.00914
Min Val   : -0.01406
Start     : 3.35000
Finish    : 3.37500
Gradient  : 0.92799
Grad Label: spos  

Iteration : 4
Average   : 0.02016
Max Val   : 0.03596
Min Val   : 0.00435
Start     : 3.37500
Finish    : 3.41000
Gradient  : 0.89821
Grad Label: spos  

