Iteration : 2
Average   : 0.13670
Max Val   : 0.38940
Min Val   : -0.11600
Start     : 3.32500
Finish    : 3.41000
Gradient  : 6.49709
Grad Label: bpos  

