Iteration     : 1
CompLabel     : FX
averageVal1   : -0.00520
averageVal2   : -0.00520
AVG_MAG_VAL   : -0.00520
rmsVal1       : 0.00496
rmsVal2       : 0.00496
AVG_RMS_Val   : 0.00496
amplitudeVal1 : 0.02894
amplitudeVal2 : 0.02894
AVG_AMP_VAL   : 0.02894
Label 1       : k
Label 2       : k
t1Start       : 0.00000
t1End         : 4.49500
t2Start       : 0.00000
t2End         : 4.49500
tAvgIndex     : 2.24750

