Iteration     : 1
CompLabel     : FX
averageVal1   : -0.11067
averageVal2   : -0.11067
AVG_MAG_VAL   : -0.11067
rmsVal1       : -0.09893
rmsVal2       : -0.09893
AVG_RMS_Val   : -0.09893
amplitudeVal1 : 0.02349
amplitudeVal2 : 0.02349
AVG_AMP_VAL   : 0.02349
Label 1       : k
Label 2       : k
t1Start       : 0.00000
t1End         : 4.49500
t2Start       : 0.00000
t2End         : 4.49500
tAvgIndex     : 2.24750

