Iteration : 1
Average   : 0.00252
Max Val   : 0.00484
Min Val   : 0.00020
Start     : 0.00000
Finish    : 3.32500
Gradient  : -0.00140
Grad Label: cons  

Iteration : 2
Average   : 0.00218
Max Val   : 0.00252
Min Val   : 0.00183
Start     : 3.32500
Finish    : 3.35000
Gradient  : 0.02761
Grad Label: cons  

Iteration : 3
Average   : 0.01734
Max Val   : 0.03757
Min Val   : -0.00290
Start     : 3.35000
Finish    : 3.44000
Gradient  : 0.46662
Grad Label: spos  

