Iteration : 1
Average   : 0.00001
Max Val   : 0.00146
Min Val   : -0.00143
Start     : 0.00000
Finish    : 3.32500
Gradient  : -0.00087
Grad Label: cons  

Iteration : 2
Average   : -0.06429
Max Val   : -0.04475
Min Val   : -0.08383
Start     : 3.32500
Finish    : 3.37500
Gradient  : -0.78167
Grad Label: sneg  

Iteration : 3
Average   : 0.00531
Max Val   : 0.12336
Min Val   : -0.11273
Start     : 3.37500
Finish    : 3.44000
Gradient  : 3.95167
Grad Label: mpos  

