Iteration     : 1
CompLabel     : FX
averageVal1   : -0.10862
averageVal2   : 0.23445
AVG_MAG_VAL   : 0.02291
rmsVal1       : -0.10004
rmsVal2       : -0.10004
AVG_RMS_Val   : 0.37785
amplitudeVal1 : 0.12449
amplitudeVal2 : 0.28680
AVG_AMP_VAL   : 0.28680
Label 1       : a
Label 2       : a
t1Start       : 0.00000
t1End         : 3.32500
t2Start       : 3.32500
t2End         : 3.55000
tAvgIndex     : 1.77500

