Iteration : 1
Average   : 0.00264
Max Val   : 0.00498
Min Val   : 0.00029
Start     : 0.00000
Finish    : 3.02500
Gradient  : -0.00155
Grad Label: cons  

Iteration : 2
Average   : -0.00694
Max Val   : -0.00242
Min Val   : -0.01147
Start     : 3.02500
Finish    : 3.65000
Gradient  : -0.01449
Grad Label: cons  

Iteration : 3
Average   : 0.00411
Max Val   : 0.01640
Min Val   : -0.00818
Start     : 3.65000
Finish    : 3.73000
Gradient  : 0.28469
Grad Label: spos  

