Iteration : 1
Average   : 0.00057
Max Val   : 0.00079
Min Val   : 0.00035
Start     : 0.00000
Finish    : 3.62500
Gradient  : 0.00012
Grad Label: cons  

Iteration : 2
Average   : 0.10985
Max Val   : 0.22028
Min Val   : -0.00058
Start     : 3.62500
Finish    : 3.73000
Gradient  : 2.28330
Grad Label: spos  

