Iteration : 1
Average   : -0.10997
Max Val   : -0.09949
Min Val   : -0.12044
Start     : 0.00000
Finish    : 3.62500
Gradient  : -0.00578
Grad Label: cons  

Iteration : 2
Average   : 0.14645
Max Val   : 0.41120
Min Val   : -0.11831
Start     : 3.62500
Finish    : 3.73000
Gradient  : 5.48024
Grad Label: bpos  

