Iteration : 1
Average   : 2.05512
Max Val   : 2.05766
Min Val   : 2.05257
Start     : 0.00000
Finish    : 0.47500
Gradient  : 0.01071
Grad Label: cons  

Iteration : 2
Average   : 2.13936
Max Val   : 2.19960
Min Val   : 2.07912
Start     : 0.47500
Finish    : 3.62500
Gradient  : 0.03825
Grad Label: cons  

Iteration : 3
Average   : -0.42135
Max Val   : 2.20201
Min Val   : -3.04470
Start     : 3.62500
Finish    : 3.73000
Gradient  : -54.07407
Grad Label: bneg  

