Iteration : 2
Average   : -1.70380
Max Val   : -1.59339
Min Val   : -1.81420
Start     : 0.15000
Finish    : 3.12500
Gradient  : -0.07422
Grad Label: cons  

Iteration : 3
Average   : -1.65481
Max Val   : -1.31047
Min Val   : -1.99914
Start     : 3.12500
Finish    : 3.32500
Gradient  : 3.44334
Grad Label: spos  

Iteration : 4
Average   : 4.10906
Max Val   : 9.95797
Min Val   : -1.73984
Start     : 3.32500
Finish    : 3.43500
Gradient  : 115.85716
Grad Label: pimp  

