Iteration : 2
Average   : 2.06289
Max Val   : 2.06337
Min Val   : 2.06242
Start     : 0.15000
Finish    : 0.42500
Gradient  : -0.00348
Grad Label: cons  

Iteration : 3
Average   : 2.13342
Max Val   : 2.18602
Min Val   : 2.08083
Start     : 0.42500
Finish    : 3.32500
Gradient  : 0.03627
Grad Label: cons  

Iteration : 4
Average   : -0.42163
Max Val   : 2.19992
Min Val   : -3.04319
Start     : 3.32500
Finish    : 3.43500
Gradient  : -50.09826
Grad Label: bneg  

