Iteration : 2
Average   : 0.11574
Max Val   : 0.34749
Min Val   : -0.11600
Start     : 3.32500
Finish    : 3.43500
Gradient  : 4.60630
Grad Label: bpos  

