Iteration     : 1
CompLabel     : a
averageVal1   : 0.00151
averageVal2   : 0.00151
AVG_MAG_VAL   : 0.00151
rmsVal1       : 0.00151
rmsVal2       : 0.00151
AVG_RMS_Val   : 0.00151
amplitudeVal1 : 0.04375
amplitudeVal2 : 0.04375
AVG_AMP_VAL   : 0.04375
Label 1       : bneg
Label 2       : none
t1Start       : 0.00000
t1End         : 9.20000
t2Start       : 8.10000
t2End         : 9.20000
tAvgIndex     : 4.60000

Iteration     : 2
CompLabel     : k
averageVal1   : -0.00380
averageVal2   : -0.00380
AVG_MAG_VAL   : -0.00380
rmsVal1       : -0.00380
rmsVal2       : -0.00380
AVG_RMS_Val   : -0.00380
amplitudeVal1 : 0.01126
amplitudeVal2 : 0.01126
AVG_AMP_VAL   : 0.01126
Label 1       : mpos
Label 2       : none
t1Start       : 9.20000
t1End         : 9.42500
t2Start       : 9.37500
t2End         : 9.42500
tAvgIndex     : 9.31250

Iteration     : 3
CompLabel     : pc
averageVal1   : 0.01396
averageVal2   : 0.01396
AVG_MAG_VAL   : 0.01396
rmsVal1       : 0.01396
rmsVal2       : 0.01396
AVG_RMS_Val   : 0.01396
amplitudeVal1 : 0.00925
amplitudeVal2 : 0.00925
AVG_AMP_VAL   : 0.00925
Label 1       : bpos
Label 2       : none
t1Start       : 9.42500
t1End         : 9.55000
t2Start       : 9.47500
t2End         : 9.55000
tAvgIndex     : 9.48750

Iteration     : 4
CompLabel     : a
averageVal1   : 0.09688
averageVal2   : 0.09688
AVG_MAG_VAL   : 0.09688
rmsVal1       : 0.09838
rmsVal2       : 0.09838
AVG_RMS_Val   : 0.06956
amplitudeVal1 : 0.07667
amplitudeVal2 : 0.07667
AVG_AMP_VAL   : 0.07667
Label 1       : bneg
Label 2       : bneg
t1Start       : 9.55000
t1End         : 9.95500
t2Start       : 9.55000
t2End         : 9.95500
tAvgIndex     : 9.75250

