Iteration     : 1
CompLabel     : a
averageVal1   : 0.86905
averageVal2   : 0.74898
AVG_MAG_VAL   : 0.65979
rmsVal1       : 0.86905
rmsVal2       : 1.21772
AVG_RMS_Val   : 0.67611
amplitudeVal1 : 1.61593
amplitudeVal2 : 1.78603
AVG_AMP_VAL   : 1.38535
Label 1       : bpos
Label 2       : bpos
t1Start       : 0.00000
t1End         : 5.90000
t2Start       : 5.90000
t2End         : 9.95500
tAvgIndex     : 4.97750

