Iteration     : 1
CompLabel     : a
averageVal1   : 0.38033
averageVal2   : 0.38480
AVG_MAG_VAL   : 0.46494
rmsVal1       : 0.38033
rmsVal2       : 0.38480
AVG_RMS_Val   : 0.44787
amplitudeVal1 : 0.28225
amplitudeVal2 : 1.00229
AVG_AMP_VAL   : 0.87017
Label 1       : bpos
Label 2       : bpos
t1Start       : 0.00000
t1End         : 9.30000
t2Start       : 9.30000
t2End         : 9.57500
tAvgIndex     : 4.78750

Iteration     : 2
CompLabel     : k
averageVal1   : 1.08770
averageVal2   : 1.08770
AVG_MAG_VAL   : 1.08770
rmsVal1       : 1.14889
rmsVal2       : 1.14889
AVG_RMS_Val   : 0.81239
amplitudeVal1 : 0.13781
amplitudeVal2 : 0.13781
AVG_AMP_VAL   : 0.13781
Label 1       : mpos
Label 2       : mpos
t1Start       : 9.57500
t1End         : 9.95500
t2Start       : 9.57500
t2End         : 9.95500
tAvgIndex     : 9.76500

