Iteration : 2
Average   : -0.00710
Max Val   : -0.00302
Min Val   : -0.01118
Start     : 3.02500
Finish    : 3.65000
Gradient  : -0.01306
Grad Label: cons  

Iteration : 3
Average   : 0.00679
Max Val   : 0.01507
Min Val   : -0.00150
Start     : 3.65000
Finish    : 3.70000
Gradient  : 0.33137
Grad Label: spos  

Iteration : 4
Average   : 0.01908
Max Val   : 0.02164
Min Val   : 0.01653
Start     : 3.70000
Finish    : 3.72500
Gradient  : 0.13220
Grad Label: spos  

