Iteration : 2
Average   : 0.10665
Max Val   : 0.21338
Min Val   : -0.00008
Start     : 3.62500
Finish    : 3.72500
Gradient  : 2.32037
Grad Label: mpos  

