Iteration : 2
Average   : -1.70448
Max Val   : -1.59398
Min Val   : -1.81498
Start     : 0.37500
Finish    : 3.02500
Gradient  : -0.08339
Grad Label: cons  

Iteration : 3
Average   : -1.69091
Max Val   : -1.53798
Min Val   : -1.84383
Start     : 3.02500
Finish    : 3.62500
Gradient  : 0.50975
Grad Label: cons  

Iteration : 4
Average   : 4.30696
Max Val   : 10.31400
Min Val   : -1.70009
Start     : 3.62500
Finish    : 3.72500
Gradient  : 130.53854
Grad Label: pimp  

