Iteration : 2
Average   : -0.08949
Max Val   : -0.07983
Min Val   : -0.09914
Start     : 1.52500
Finish    : 2.65000
Gradient  : -0.01717
Grad Label: cons  

Iteration : 3
Average   : -0.04884
Max Val   : -0.01181
Min Val   : -0.08586
Start     : 2.65000
Finish    : 3.62500
Gradient  : 0.07594
Grad Label: cons  

Iteration : 4
Average   : -0.62022
Max Val   : -0.00581
Min Val   : -1.23463
Start     : 3.62500
Finish    : 3.72500
Gradient  : -13.38321
Grad Label: sneg  

