Iteration : 2
Average   : 2.13969
Max Val   : 2.19939
Min Val   : 2.08000
Start     : 0.47500
Finish    : 3.62500
Gradient  : 0.03790
Grad Label: cons  

Iteration : 3
Average   : -0.22040
Max Val   : 2.20178
Min Val   : -2.64259
Start     : 3.62500
Finish    : 3.72500
Gradient  : -52.80409
Grad Label: bneg  

