Iteration : 2
Average   : 0.14289
Max Val   : 0.40421
Min Val   : -0.11843
Start     : 3.62500
Finish    : 3.72500
Gradient  : 5.68374
Grad Label: bpos  

