Iteration     : 1
CompLabel     : CT
averageVal1   : 0.08045
averageVal2   : 0.08045
AVG_MAG_VAL   : 0.08045
rmsVal1       : 0.64164
rmsVal2       : 0.64164
AVG_RMS_Val   : 0.64164
amplitudeVal1 : 0.76151
amplitudeVal2 : 0.76151
AVG_AMP_VAL   : 0.76151
Label 1       : pc
Label 2       : z
t1Start       : 0.00000
t1End         : 3.92500
t2Start       : 3.92500
t2End         : 4.00500
tAvgIndex     : 2.00250

