Iteration     : 1
CompLabel     : CT
averageVal1   : 0.37970
averageVal2   : 0.37970
AVG_MAG_VAL   : 0.37970
rmsVal1       : 2.19691
rmsVal2       : 2.19691
AVG_RMS_Val   : 2.19691
amplitudeVal1 : 6.25317
amplitudeVal2 : 6.25317
AVG_AMP_VAL   : 6.25317
Label 1       : nc
Label 2       : z
t1Start       : 0.00000
t1End         : 3.95000
t2Start       : 3.95000
t2End         : 4.00500
tAvgIndex     : 2.00250

