Iteration     : 1
CompLabel     : CT
averageVal1   : 0.48514
averageVal2   : 0.48514
AVG_MAG_VAL   : 0.48514
rmsVal1       : 2.14389
rmsVal2       : 2.14389
AVG_RMS_Val   : 2.14389
amplitudeVal1 : 6.34377
amplitudeVal2 : 6.34377
AVG_AMP_VAL   : 6.34377
Label 1       : nc
Label 2       : z
t1Start       : 0.00000
t1End         : 3.15000
t2Start       : 3.15000
t2End         : 3.20500
tAvgIndex     : 1.60250

