Iteration     : 1
CompLabel     : CT
averageVal1   : 0.02136
averageVal2   : 0.02136
AVG_MAG_VAL   : 0.02136
rmsVal1       : 0.39592
rmsVal2       : 0.39592
AVG_RMS_Val   : 0.39592
amplitudeVal1 : 0.51137
amplitudeVal2 : 0.51137
AVG_AMP_VAL   : 0.51137
Label 1       : pc
Label 2       : z
t1Start       : 0.00000
t1End         : 3.15000
t2Start       : 3.15000
t2End         : 3.20500
tAvgIndex     : 1.60250

