Iteration : 1
Average   : 2.05651
Max Val   : 2.05896
Min Val   : 2.05406
Start     : 0.00000
Finish    : 0.47500
Gradient  : 0.01031
Grad Label: cons  

Iteration : 2
Average   : 2.10865
Max Val   : 2.12108
Min Val   : 2.09622
Start     : 0.47500
Finish    : 3.15000
Gradient  : -0.00930
Grad Label: cons  

Iteration : 3
Average   : -1.57832
Max Val   : 2.19802
Min Val   : -5.35465
Start     : 3.15000
Finish    : 3.21000
Gradient  : -116.55298
Grad Label: nimp  

