Iteration : 1
Average   : 0.00247
Max Val   : 0.00513
Min Val   : -0.00019
Start     : 0.00000
Finish    : 3.15000
Gradient  : -0.00169
Grad Label: cons  

Iteration : 2
Average   : -0.02625
Max Val   : -0.01718
Min Val   : -0.03532
Start     : 3.15000
Finish    : 3.17500
Gradient  : 0.72577
Grad Label: spos  

Iteration : 3
Average   : -0.00518
Max Val   : 0.02985
Min Val   : -0.04020
Start     : 3.17500
Finish    : 3.21000
Gradient  : 2.01653
Grad Label: spos  

