Iteration : 1
Average   : 0.00002
Max Val   : 0.00147
Min Val   : -0.00144
Start     : 0.00000
Finish    : 3.15000
Gradient  : -0.00092
Grad Label: cons  

Iteration : 2
Average   : -0.03757
Max Val   : -0.02957
Min Val   : -0.04558
Start     : 3.15000
Finish    : 3.17500
Gradient  : -0.64024
Grad Label: sneg  

Iteration : 3
Average   : -0.01679
Max Val   : 0.03998
Min Val   : -0.07357
Start     : 3.17500
Finish    : 3.21000
Gradient  : 2.96355
Grad Label: mpos  

