Iteration : 1
Average   : -0.10760
Max Val   : -0.10146
Min Val   : -0.11374
Start     : 0.00000
Finish    : 3.15000
Gradient  : -0.00390
Grad Label: cons  

Iteration : 2
Average   : 0.17321
Max Val   : 0.46298
Min Val   : -0.11656
Start     : 3.15000
Finish    : 3.21000
Gradient  : 9.17256
Grad Label: pimp  

