Iteration : 2
Average   : -1.70327
Max Val   : -1.58935
Min Val   : -1.81720
Start     : 0.30000
Finish    : 3.07500
Gradient  : -0.08211
Grad Label: cons  

Iteration : 3
Average   : -1.70929
Max Val   : -1.55382
Min Val   : -1.86477
Start     : 3.07500
Finish    : 3.32500
Gradient  : 1.24382
Grad Label: spos  

Iteration : 4
Average   : 3.91095
Max Val   : 9.56229
Min Val   : -1.74040
Start     : 3.32500
Finish    : 3.47000
Gradient  : 81.33907
Grad Label: pimp  

