Iteration : 2
Average   : 0.08039
Max Val   : 0.24689
Min Val   : -0.08611
Start     : 3.32500
Finish    : 3.42500
Gradient  : 3.32997
Grad Label: mpos  

Iteration : 3
Average   : 0.26064
Max Val   : 0.29112
Min Val   : 0.23016
Start     : 3.42500
Finish    : 3.47000
Gradient  : 1.22914
Grad Label: spos  

