Iteration : 2
Average   : -0.03280
Max Val   : -0.01793
Min Val   : -0.04767
Start     : 3.32500
Finish    : 3.37500
Gradient  : -0.59478
Grad Label: sneg  

Iteration : 3
Average   : 0.03082
Max Val   : 0.16142
Min Val   : -0.09978
Start     : 3.37500
Finish    : 3.47000
Gradient  : 2.61718
Grad Label: mpos  

