Iteration : 2
Average   : -0.00582
Max Val   : -0.00514
Min Val   : -0.00650
Start     : 3.35000
Finish    : 3.37500
Gradient  : -0.05408
Grad Label: cons  

Iteration : 3
Average   : -0.00827
Max Val   : -0.00756
Min Val   : -0.00898
Start     : 3.37500
Finish    : 3.40000
Gradient  : 0.05655
Grad Label: cons  

Iteration : 4
Average   : -0.00978
Max Val   : -0.00500
Min Val   : -0.01456
Start     : 3.40000
Finish    : 3.47000
Gradient  : -0.11292
Grad Label: sneg  

