Iteration     : 1
CompLabel     : CT
averageVal1   : 0.41644
averageVal2   : 0.41644
AVG_MAG_VAL   : 0.41644
rmsVal1       : 2.19989
rmsVal2       : 2.19989
AVG_RMS_Val   : 2.19989
amplitudeVal1 : 6.92375
amplitudeVal2 : 6.92375
AVG_AMP_VAL   : 6.92375
Label 1       : nc
Label 2       : z
t1Start       : 0.00000
t1End         : 3.32500
t2Start       : 3.32500
t2End         : 3.42500
tAvgIndex     : 1.71250

