Iteration     : 1
CompLabel     : CT
averageVal1   : 1.53632
averageVal2   : 1.53632
AVG_MAG_VAL   : 1.53632
rmsVal1       : 11.20730
rmsVal2       : 11.20730
AVG_RMS_Val   : 11.20730
amplitudeVal1 : 13.11953
amplitudeVal2 : 13.11953
AVG_AMP_VAL   : 13.11953
Label 1       : pc
Label 2       : z
t1Start       : 0.00000
t1End         : 3.32500
t2Start       : 3.32500
t2End         : 3.42500
tAvgIndex     : 1.71250

