Iteration     : 1
CompLabel     : FX
averageVal1   : -0.10918
averageVal2   : 0.16415
AVG_MAG_VAL   : 0.02748
rmsVal1       : -0.09896
rmsVal2       : -0.09896
AVG_RMS_Val   : 0.44431
amplitudeVal1 : 0.56370
amplitudeVal2 : 0.56032
AVG_AMP_VAL   : 0.56370
Label 1       : a
Label 2       : a
t1Start       : 0.00000
t1End         : 3.32500
t2Start       : 3.32500
t2End         : 3.42500
tAvgIndex     : 1.71250

