Iteration : 2
Average   : -0.01347
Max Val   : 0.00003
Min Val   : -0.02698
Start     : 2.97500
Finish    : 3.85000
Gradient  : -0.03087
Grad Label: cons  

Iteration : 3
Average   : -0.04745
Max Val   : -0.04211
Min Val   : -0.05280
Start     : 3.85000
Finish    : 3.91000
Gradient  : -0.09176
Grad Label: cons  

