Iteration : 2
Average   : -1.69776
Max Val   : -1.58003
Min Val   : -1.81550
Start     : 0.30000
Finish    : 3.02500
Gradient  : -0.08641
Grad Label: cons  

Iteration : 3
Average   : -1.64732
Max Val   : -1.43102
Min Val   : -1.86361
Start     : 3.02500
Finish    : 3.82500
Gradient  : 0.54075
Grad Label: cons  

Iteration : 4
Average   : 4.03544
Max Val   : 9.72171
Min Val   : -1.65083
Start     : 3.82500
Finish    : 3.91000
Gradient  : 141.09489
Grad Label: pimp  

