Iteration : 2
Average   : 0.21436
Max Val   : 0.55098
Min Val   : -0.12225
Start     : 3.82500
Finish    : 3.91000
Gradient  : 8.33575
Grad Label: pimp  

