Iteration : 2
Average   : 0.00536
Max Val   : 0.03142
Min Val   : -0.02069
Start     : 3.67500
Finish    : 3.82500
Gradient  : 0.34739
Grad Label: spos  

Iteration : 3
Average   : 0.23503
Max Val   : 0.47221
Min Val   : -0.00214
Start     : 3.82500
Finish    : 3.91000
Gradient  : 5.86276
Grad Label: bpos  

