Iteration : 2
Average   : 2.15126
Max Val   : 2.23068
Min Val   : 2.07185
Start     : 0.50000
Finish    : 3.82500
Gradient  : 0.04777
Grad Label: cons  

Iteration : 3
Average   : 0.25407
Max Val   : 2.27158
Min Val   : -1.76345
Start     : 3.82500
Finish    : 3.91000
Gradient  : -50.53814
Grad Label: bneg  

