Iteration : 2
Average   : -0.08941
Max Val   : -0.08003
Min Val   : -0.09879
Start     : 1.55000
Finish    : 2.65000
Gradient  : -0.01706
Grad Label: cons  

Iteration : 3
Average   : -0.04043
Max Val   : -0.01265
Min Val   : -0.06820
Start     : 2.65000
Finish    : 3.82500
Gradient  : 0.04727
Grad Label: cons  

Iteration : 4
Average   : -1.05643
Max Val   : 0.00131
Min Val   : -2.11417
Start     : 3.82500
Finish    : 3.91000
Gradient  : -26.76933
Grad Label: mneg  

