Iteration     : 1
CompLabel     : FX
averageVal1   : -0.10950
averageVal2   : -0.10950
AVG_MAG_VAL   : -0.10950
rmsVal1       : -0.09883
rmsVal2       : -0.09883
AVG_RMS_Val   : -0.09883
amplitudeVal1 : 0.02133
amplitudeVal2 : 0.02133
AVG_AMP_VAL   : 0.02133
Label 1       : k
Label 2       : k
t1Start       : 0.00000
t1End         : 4.49500
t2Start       : 0.00000
t2End         : 4.49500
tAvgIndex     : 2.24750

