Iteration     : 1
CompLabel     : FX
averageVal1   : 2.10513
averageVal2   : 2.10513
AVG_MAG_VAL   : 2.10513
rmsVal1       : 2.25150
rmsVal2       : 2.25150
AVG_RMS_Val   : 2.25150
amplitudeVal1 : 0.19877
amplitudeVal2 : 0.19877
AVG_AMP_VAL   : 0.19877
Label 1       : k
Label 2       : k
t1Start       : 0.00000
t1End         : 4.49500
t2Start       : 0.00000
t2End         : 4.49500
tAvgIndex     : 2.24750

