Iteration     : 1
CompLabel     : FX
averageVal1   : -0.08562
averageVal2   : -0.08562
AVG_MAG_VAL   : -0.08562
rmsVal1       : -0.01284
rmsVal2       : -0.01284
AVG_RMS_Val   : -0.01284
amplitudeVal1 : 0.08694
amplitudeVal2 : 0.08694
AVG_AMP_VAL   : 0.08694
Label 1       : k
Label 2       : k
t1Start       : 0.00000
t1End         : 4.49500
t2Start       : 0.00000
t2End         : 4.49500
tAvgIndex     : 2.24750

