Iteration     : 1
CompLabel     : FX
averageVal1   : -2.47607
averageVal2   : -2.47607
AVG_MAG_VAL   : -2.47607
rmsVal1       : -1.55795
rmsVal2       : -1.55795
AVG_RMS_Val   : -1.55795
amplitudeVal1 : 0.25835
amplitudeVal2 : 0.25835
AVG_AMP_VAL   : 0.25835
Label 1       : k
Label 2       : k
t1Start       : 0.00000
t1End         : 4.49500
t2Start       : 0.00000
t2End         : 4.49500
tAvgIndex     : 2.24750

