Iteration : 2
Average   : -0.00370
Max Val   : 0.02259
Min Val   : -0.03000
Start     : 3.30000
Finish    : 3.32500
Gradient  : -2.10344
Grad Label: sneg  

Iteration : 3
Average   : -0.08461
Max Val   : -0.05091
Min Val   : -0.11832
Start     : 3.32500
Finish    : 3.37500
Gradient  : -1.34816
Grad Label: sneg  

Iteration : 4
Average   : -0.02801
Max Val   : 0.09126
Min Val   : -0.14729
Start     : 3.37500
Finish    : 3.44500
Gradient  : 3.74474
Grad Label: mpos  

