Iteration : 2
Average   : 0.01548
Max Val   : 0.03110
Min Val   : -0.00014
Start     : 3.32500
Finish    : 3.37500
Gradient  : 0.62480
Grad Label: spos  

Iteration : 3
Average   : 0.03896
Max Val   : 0.04408
Min Val   : 0.03385
Start     : 3.37500
Finish    : 3.40000
Gradient  : 0.40896
Grad Label: spos  

Iteration : 4
Average   : 0.05939
Max Val   : 0.08449
Min Val   : 0.03428
Start     : 3.40000
Finish    : 3.44500
Gradient  : 0.98767
Grad Label: spos  

