Iteration     : 1
CompLabel     : FX
averageVal1   : 2.09367
averageVal2   : 0.92493
AVG_MAG_VAL   : 1.72803
rmsVal1       : 2.19639
rmsVal2       : 2.19639
AVG_RMS_Val   : 2.34697
amplitudeVal1 : 0.71945
amplitudeVal2 : 5.23138
AVG_AMP_VAL   : 5.23138
Label 1       : a
Label 2       : a
t1Start       : 0.00000
t1End         : 3.25000
t2Start       : 3.25000
t2End         : 4.11000
tAvgIndex     : 2.05500

