Iteration     : 1
CompLabel     : FX
averageVal1   : 2.09984
averageVal2   : -1.46639
AVG_MAG_VAL   : -0.20414
rmsVal1       : 2.24682
rmsVal2       : 2.24682
AVG_RMS_Val   : 2.75231
amplitudeVal1 : 0.09051
amplitudeVal2 : 2.49564
AVG_AMP_VAL   : 2.49564
Label 1       : a
Label 2       : a
t1Start       : 0.00000
t1End         : 4.02500
t2Start       : 4.02500
t2End         : 4.07000
tAvgIndex     : 2.03500

