Iteration     : 1
CompLabel     : FX
averageVal1   : -0.13008
averageVal2   : 0.44270
AVG_MAG_VAL   : 0.15631
rmsVal1       : -0.05935
rmsVal2       : -0.05935
AVG_RMS_Val   : 0.72618
amplitudeVal1 : 0.67685
amplitudeVal2 : 0.72877
AVG_AMP_VAL   : 0.72877
Label 1       : a
Label 2       : a
t1Start       : 0.00000
t1End         : 3.32500
t2Start       : 3.32500
t2End         : 3.45000
tAvgIndex     : 1.72500

