Iteration     : 1
CompLabel     : CT
averageVal1   : 1.35331
averageVal2   : 1.35331
AVG_MAG_VAL   : 1.35331
rmsVal1       : 10.45890
rmsVal2       : 10.45890
AVG_RMS_Val   : 10.45890
amplitudeVal1 : 12.39109
amplitudeVal2 : 12.39109
AVG_AMP_VAL   : 12.39109
Label 1       : pc
Label 2       : z
t1Start       : 0.00000
t1End         : 3.32500
t2Start       : 3.32500
t2End         : 3.45000
tAvgIndex     : 1.72500

