Iteration     : 1
CompLabel     : FX
averageVal1   : -0.10917
averageVal2   : 0.08556
AVG_MAG_VAL   : -0.01180
rmsVal1       : -0.09895
rmsVal2       : -0.09895
AVG_RMS_Val   : 0.39853
amplitudeVal1 : 0.51792
amplitudeVal2 : 0.52759
AVG_AMP_VAL   : 0.52759
Label 1       : a
Label 2       : a
t1Start       : 0.00000
t1End         : 3.32500
t2Start       : 3.32500
t2End         : 3.45000
tAvgIndex     : 1.72500

