Iteration     : 1
CompLabel     : FX
averageVal1   : 0.00077
averageVal2   : 0.28828
AVG_MAG_VAL   : 0.12602
rmsVal1       : 0.01178
rmsVal2       : 0.01178
AVG_RMS_Val   : 0.54231
amplitudeVal1 : 0.02095
amplitudeVal2 : 0.43395
AVG_AMP_VAL   : 0.43395
Label 1       : bpos
Label 2       : bpos
t1Start       : 0.00000
t1End         : 3.72500
t2Start       : 3.72500
t2End         : 5.90000
tAvgIndex     : 2.95000

