Iteration : 2
Average   : -0.20389
Max Val   : -0.00015
Min Val   : -0.40764
Start     : 3.67500
Finish    : 3.76500
Gradient  : -5.10428
Grad Label: bneg  

