Iteration : 2
Average   : -0.08613
Max Val   : -0.01941
Min Val   : -0.15284
Start     : 3.67500
Finish    : 3.70000
Gradient  : 5.33695
Grad Label: bpos  

Iteration : 3
Average   : 0.06444
Max Val   : 0.17941
Min Val   : -0.05054
Start     : 3.70000
Finish    : 3.72500
Gradient  : 9.19817
Grad Label: pimp  

Iteration : 4
Average   : 0.33603
Max Val   : 0.52813
Min Val   : 0.14393
Start     : 3.72500
Finish    : 3.76500
Gradient  : 9.68519
Grad Label: pimp  

