Iteration : 2
Average   : -0.00286
Max Val   : -0.00154
Min Val   : -0.00417
Start     : 3.37500
Finish    : 3.70000
Gradient  : 0.00810
Grad Label: cons  

Iteration : 3
Average   : 0.00633
Max Val   : 0.00690
Min Val   : 0.00575
Start     : 3.70000
Finish    : 3.72500
Gradient  : -0.04606
Grad Label: cons  

Iteration : 4
Average   : 0.00268
Max Val   : 0.01500
Min Val   : -0.00965
Start     : 3.72500
Finish    : 3.76500
Gradient  : -0.59648
Grad Label: sneg  

