Iteration     : 1
CompLabel     : FX
averageVal1   : -0.10915
averageVal2   : 0.10037
AVG_MAG_VAL   : -0.00439
rmsVal1       : -0.09916
rmsVal2       : -0.09916
AVG_RMS_Val   : 0.31681
amplitudeVal1 : 0.43595
amplitudeVal2 : 0.43287
AVG_AMP_VAL   : 0.43595
Label 1       : a
Label 2       : a
t1Start       : 0.00000
t1End         : 3.32500
t2Start       : 3.32500
t2End         : 3.44000
tAvgIndex     : 1.72000

