Iteration     : 1
CompLabel     : FX
averageVal1   : 2.09511
averageVal2   : -0.64477
AVG_MAG_VAL   : 0.72517
rmsVal1       : 2.19093
rmsVal2       : 2.19093
AVG_RMS_Val   : 2.19093
amplitudeVal1 : 3.56059
amplitudeVal2 : 3.99545
AVG_AMP_VAL   : 3.99545
Label 1       : a
Label 2       : a
t1Start       : 0.00000
t1End         : 3.32500
t2Start       : 3.32500
t2End         : 3.44000
tAvgIndex     : 1.72000

