Iteration     : 1
CompLabel     : FX
averageVal1   : -0.10895
averageVal2   : 0.09205
AVG_MAG_VAL   : -0.00845
rmsVal1       : -0.10005
rmsVal2       : -0.10005
AVG_RMS_Val   : 0.39381
amplitudeVal1 : 0.10327
amplitudeVal2 : 0.15763
AVG_AMP_VAL   : 0.15763
Label 1       : a
Label 2       : a
t1Start       : 0.00000
t1End         : 3.35000
t2Start       : 3.35000
t2End         : 3.58500
tAvgIndex     : 1.79250

