Iteration     : 1
CompLabel     : FX
averageVal1   : -0.08698
averageVal2   : 0.68272
AVG_MAG_VAL   : 0.16110
rmsVal1       : -0.07385
rmsVal2       : -0.07385
AVG_RMS_Val   : 1.22655
amplitudeVal1 : 1.38339
amplitudeVal2 : 1.19378
AVG_AMP_VAL   : 1.38610
Label 1       : a
Label 2       : a
t1Start       : 0.00000
t1End         : 3.52500
t2Start       : 3.52500
t2End         : 4.27000
tAvgIndex     : 2.13500

