Iteration     : 1
CompLabel     : FX
averageVal1   : -0.10905
averageVal2   : 0.14155
AVG_MAG_VAL   : -0.04049
rmsVal1       : -0.09922
rmsVal2       : -0.09922
AVG_RMS_Val   : 0.39847
amplitudeVal1 : 0.40215
amplitudeVal2 : 0.51385
AVG_AMP_VAL   : 0.52014
Label 1       : a
Label 2       : a
t1Start       : 0.00000
t1End         : 3.32500
t2Start       : 3.32500
t2End         : 4.27000
tAvgIndex     : 2.13500

