Iteration     : 1
CompLabel     : FX
averageVal1   : 3.15648
averageVal2   : 3.15648
AVG_MAG_VAL   : 3.15648
rmsVal1       : 2.31499
rmsVal2       : 2.31499
AVG_RMS_Val   : 2.31499
amplitudeVal1 : 0.26092
amplitudeVal2 : 0.26092
AVG_AMP_VAL   : 0.26092
Label 1       : k
Label 2       : k
t1Start       : 0.00000
t1End         : 4.49500
t2Start       : 0.00000
t2End         : 4.49500
tAvgIndex     : 2.24750

