Iteration     : 1
CompLabel     : FX
averageVal1   : -2.44964
averageVal2   : -2.44964
AVG_MAG_VAL   : -2.44964
rmsVal1       : -1.48310
rmsVal2       : -1.48310
AVG_RMS_Val   : -1.48310
amplitudeVal1 : 0.33308
amplitudeVal2 : 0.33308
AVG_AMP_VAL   : 0.33308
Label 1       : k
Label 2       : k
t1Start       : 0.00000
t1End         : 4.49500
t2Start       : 0.00000
t2End         : 4.49500
tAvgIndex     : 2.24750

