Iteration     : 1
CompLabel     : FX
averageVal1   : -0.11449
averageVal2   : -0.11449
AVG_MAG_VAL   : -0.11449
rmsVal1       : -0.09966
rmsVal2       : -0.09966
AVG_RMS_Val   : -0.09966
amplitudeVal1 : 0.02219
amplitudeVal2 : 0.02219
AVG_AMP_VAL   : 0.02219
Label 1       : k
Label 2       : k
t1Start       : 0.00000
t1End         : 4.49500
t2Start       : 0.00000
t2End         : 4.49500
tAvgIndex     : 2.24750

