Iteration : 2
Average   : 0.00042
Max Val   : 0.00969
Min Val   : -0.00885
Start     : 3.57500
Finish    : 3.67500
Gradient  : 0.18545
Grad Label: spos  

Iteration : 3
Average   : 0.13007
Max Val   : 0.26217
Min Val   : -0.00202
Start     : 3.67500
Finish    : 3.82000
Gradient  : 1.80093
Grad Label: spos  

