Iteration : 2
Average   : 2.14006
Max Val   : 2.20084
Min Val   : 2.07928
Start     : 0.47500
Finish    : 3.67500
Gradient  : 0.03799
Grad Label: cons  

Iteration : 3
Average   : -0.35440
Max Val   : 2.19569
Min Val   : -2.90449
Start     : 3.67500
Finish    : 3.82000
Gradient  : -35.96590
Grad Label: mneg  

