Iteration : 2
Average   : 0.15529
Max Val   : 0.42992
Min Val   : -0.11934
Start     : 3.67500
Finish    : 3.82000
Gradient  : 3.71272
Grad Label: mpos  

