Iteration : 2
Average   : -1.70027
Max Val   : -1.58340
Min Val   : -1.81714
Start     : 0.32500
Finish    : 3.05000
Gradient  : -0.08578
Grad Label: cons  

Iteration : 3
Average   : -1.68745
Max Val   : -1.54360
Min Val   : -1.83131
Start     : 3.05000
Finish    : 3.67500
Gradient  : 0.46035
Grad Label: cons  

Iteration : 4
Average   : 4.21164
Max Val   : 10.11260
Min Val   : -1.68933
Start     : 3.67500
Finish    : 3.82000
Gradient  : 78.30443
Grad Label: pimp  

