Iteration : 2
Average   : -0.09054
Max Val   : -0.07941
Min Val   : -0.10168
Start     : 1.47500
Finish    : 2.92500
Gradient  : -0.01536
Grad Label: cons  

Iteration : 3
Average   : -0.07557
Max Val   : -0.02668
Min Val   : -0.12447
Start     : 2.92500
Finish    : 3.67500
Gradient  : 0.13039
Grad Label: cons  

Iteration : 4
Average   : 1.75096
Max Val   : 3.58174
Min Val   : -0.07982
Start     : 3.67500
Finish    : 3.74500
Gradient  : 57.23244
Grad Label: bpos  

