Iteration : 2
Average   : -0.18641
Max Val   : 0.00100
Min Val   : -0.37382
Start     : 3.67500
Finish    : 3.74500
Gradient  : -5.91996
Grad Label: bneg  

