Iteration : 2
Average   : 2.14754
Max Val   : 2.22665
Min Val   : 2.06843
Start     : 0.47500
Finish    : 3.67500
Gradient  : 0.04944
Grad Label: cons  

Iteration : 3
Average   : -0.55076
Max Val   : 2.26858
Min Val   : -3.37010
Start     : 3.67500
Finish    : 3.74500
Gradient  : -88.87501
Grad Label: nimp  

