Iteration : 2
Average   : -1.70137
Max Val   : -1.58556
Min Val   : -1.81719
Start     : 0.32500
Finish    : 3.07500
Gradient  : -0.08423
Grad Label: cons  

Iteration : 3
Average   : -1.68600
Max Val   : -1.52145
Min Val   : -1.85055
Start     : 3.07500
Finish    : 3.67500
Gradient  : 0.54850
Grad Label: cons  

Iteration : 4
Average   : 4.29983
Max Val   : 10.30220
Min Val   : -1.70253
Start     : 3.67500
Finish    : 3.74500
Gradient  : 189.16513
Grad Label: pimp  

