Iteration : 2
Average   : 0.00111
Max Val   : 0.00470
Min Val   : -0.00247
Start     : 3.57500
Finish    : 3.67500
Gradient  : -0.07169
Grad Label: cons  

Iteration : 3
Average   : -0.02174
Max Val   : 0.00194
Min Val   : -0.04543
Start     : 3.67500
Finish    : 3.74500
Gradient  : -0.70304
Grad Label: sneg  

