Iteration : 2
Average   : 0.18772
Max Val   : 0.49277
Min Val   : -0.11732
Start     : 3.67500
Finish    : 3.74500
Gradient  : 9.61003
Grad Label: pimp  

