Iteration     : 1
CompLabel     : FX
averageVal1   : -0.10836
averageVal2   : 0.16005
AVG_MAG_VAL   : 0.00184
rmsVal1       : -0.10057
rmsVal2       : -0.10057
AVG_RMS_Val   : 0.36703
amplitudeVal1 : 0.18108
amplitudeVal2 : 0.30405
AVG_AMP_VAL   : 0.30405
Label 1       : a
Label 2       : a
t1Start       : 0.00000
t1End         : 3.32500
t2Start       : 3.32500
t2End         : 3.44500
tAvgIndex     : 1.72250

