Iteration     : 1
CompLabel     : FX
averageVal1   : -0.12560
averageVal2   : -0.09528
AVG_MAG_VAL   : -0.01144
rmsVal1       : -0.05877
rmsVal2       : -0.05877
AVG_RMS_Val   : 0.95789
amplitudeVal1 : 0.87210
amplitudeVal2 : 2.10633
AVG_AMP_VAL   : 2.10633
Label 1       : a
Label 2       : a
t1Start       : 0.00000
t1End         : 3.30000
t2Start       : 3.30000
t2End         : 3.44500
tAvgIndex     : 1.72250

