Iteration     : 1
CompLabel     : CT
averageVal1   : 1.62937
averageVal2   : 1.62937
AVG_MAG_VAL   : 1.62937
rmsVal1       : 10.06240
rmsVal2       : 10.06240
AVG_RMS_Val   : 10.06240
amplitudeVal1 : 2.98069
amplitudeVal2 : 2.98069
AVG_AMP_VAL   : 2.98069
Label 1       : pc
Label 2       : z
t1Start       : 0.00000
t1End         : 3.44500
t2Start       : 3.32500
t2End         : 3.44500
tAvgIndex     : 1.72250

