Iteration     : 1
CompLabel     : FX
averageVal1   : 1.59196
averageVal2   : -1.12348
AVG_MAG_VAL   : 0.37189
rmsVal1       : 2.04256
rmsVal2       : 2.04256
AVG_RMS_Val   : 2.20293
amplitudeVal1 : 1.71533
amplitudeVal2 : 3.18054
AVG_AMP_VAL   : 3.18054
Label 1       : a
Label 2       : a
t1Start       : 0.00000
t1End         : 4.20000
t2Start       : 4.20000
t2End         : 4.30000
tAvgIndex     : 2.15000

