Iteration : 2
Average   : 0.00068
Max Val   : 0.01032
Min Val   : -0.00895
Start     : 3.42500
Finish    : 3.70000
Gradient  : 0.07007
Grad Label: cons  

Iteration : 3
Average   : 0.25666
Max Val   : 0.51649
Min Val   : -0.00317
Start     : 3.70000
Finish    : 3.82500
Gradient  : 4.00430
Grad Label: mpos  

