Iteration     : 1
CompLabel     : CT
averageVal1   : 0.94363
averageVal2   : 0.94363
AVG_MAG_VAL   : 0.94363
rmsVal1       : 10.42570
rmsVal2       : 10.42570
AVG_RMS_Val   : 10.42570
amplitudeVal1 : 12.27123
amplitudeVal2 : 12.27123
AVG_AMP_VAL   : 12.27123
Label 1       : pc
Label 2       : z
t1Start       : 0.00000
t1End         : 3.62500
t2Start       : 3.62500
t2End         : 3.73000
tAvgIndex     : 1.86500

