Iteration     : 1
CompLabel     : FX
averageVal1   : 0.00098
averageVal2   : 0.00098
AVG_MAG_VAL   : 0.00098
rmsVal1       : 0.01640
rmsVal2       : 0.01640
AVG_RMS_Val   : 0.01640
amplitudeVal1 : 0.02787
amplitudeVal2 : 0.02787
AVG_AMP_VAL   : 0.02787
Label 1       : k
Label 2       : k
t1Start       : 0.00000
t1End         : 3.73000
t2Start       : 0.00000
t2End         : 3.73000
tAvgIndex     : 1.86500

