Iteration : 2
Average   : 0.24369
Max Val   : 0.61007
Min Val   : -0.12269
Start     : 3.90000
Finish    : 3.99500
Gradient  : 8.03078
Grad Label: pimp  

