Iteration : 2
Average   : 2.06362
Max Val   : 2.06869
Min Val   : 2.05855
Start     : 0.17500
Finish    : 0.60000
Gradient  : 0.02385
Grad Label: cons  

Iteration : 3
Average   : 2.16372
Max Val   : 2.25573
Min Val   : 2.07171
Start     : 0.60000
Finish    : 3.90000
Gradient  : 0.05576
Grad Label: cons  

Iteration : 4
Average   : -0.13335
Max Val   : 2.29303
Min Val   : -2.55974
Start     : 3.90000
Finish    : 3.99500
Gradient  : -49.99180
Grad Label: bneg  

