Iteration : 2
Average   : -1.70070
Max Val   : -1.58959
Min Val   : -1.81182
Start     : 0.15000
Finish    : 3.05000
Gradient  : -0.07663
Grad Label: cons  

Iteration : 3
Average   : -1.67556
Max Val   : -1.57045
Min Val   : -1.78067
Start     : 3.05000
Finish    : 3.90000
Gradient  : 0.24732
Grad Label: cons  

Iteration : 4
Average   : 4.06726
Max Val   : 9.77283
Min Val   : -1.63831
Start     : 3.90000
Finish    : 3.99500
Gradient  : 125.91019
Grad Label: pimp  

