Iteration : 2
Average   : -0.01150
Max Val   : -0.00206
Min Val   : -0.02094
Start     : 3.00000
Finish    : 3.92500
Gradient  : -0.02042
Grad Label: cons  

Iteration : 3
Average   : -0.01184
Max Val   : -0.00133
Min Val   : -0.02235
Start     : 3.92500
Finish    : 3.95000
Gradient  : -0.84077
Grad Label: sneg  

Iteration : 4
Average   : -0.03856
Max Val   : -0.01449
Min Val   : -0.06263
Start     : 3.95000
Finish    : 3.99500
Gradient  : -0.40605
Grad Label: sneg  

