Iteration : 2
Average   : 0.00044
Max Val   : 0.01029
Min Val   : -0.00941
Start     : 3.80000
Finish    : 3.90000
Gradient  : 0.19693
Grad Label: spos  

Iteration : 3
Average   : 0.22260
Max Val   : 0.44726
Min Val   : -0.00207
Start     : 3.90000
Finish    : 3.99500
Gradient  : 5.07389
Grad Label: bpos  

