Iteration : 2
Average   : -0.05875
Max Val   : -0.02745
Min Val   : -0.09005
Start     : 3.32500
Finish    : 3.37500
Gradient  : -1.25194
Grad Label: sneg  

Iteration : 3
Average   : -0.00600
Max Val   : 0.11015
Min Val   : -0.12214
Start     : 3.37500
Finish    : 3.44000
Gradient  : 3.97755
Grad Label: mpos  

