Iteration : 2
Average   : 0.01749
Max Val   : 0.09231
Min Val   : -0.05732
Start     : 3.32500
Finish    : 3.37500
Gradient  : 2.99264
Grad Label: mpos  

Iteration : 3
Average   : 0.12182
Max Val   : 0.17169
Min Val   : 0.07196
Start     : 3.37500
Finish    : 3.40000
Gradient  : 3.98897
Grad Label: mpos  

Iteration : 4
Average   : 0.26866
Max Val   : 0.38082
Min Val   : 0.15649
Start     : 3.40000
Finish    : 3.44000
Gradient  : 5.47959
Grad Label: bpos  

