Iteration : 2
Average   : 0.00140
Max Val   : 0.00544
Min Val   : -0.00263
Start     : 3.32500
Finish    : 3.35000
Gradient  : 0.32281
Grad Label: spos  

Iteration : 3
Average   : 0.01260
Max Val   : 0.01693
Min Val   : 0.00826
Start     : 3.35000
Finish    : 3.37500
Gradient  : 0.34668
Grad Label: spos  

Iteration : 4
Average   : 0.03209
Max Val   : 0.05281
Min Val   : 0.01137
Start     : 3.37500
Finish    : 3.44000
Gradient  : 0.54359
Grad Label: spos  

