Iteration     : 1
CompLabel     : FX
averageVal1   : 0.00235
averageVal2   : 0.00163
AVG_MAG_VAL   : 0.00228
rmsVal1       : 0.00469
rmsVal2       : 0.00469
AVG_RMS_Val   : 0.03879
amplitudeVal1 : 0.02133
amplitudeVal2 : 0.02706
AVG_AMP_VAL   : 0.05699
Label 1       : a
Label 2       : a
t1Start       : 0.00000
t1End         : 3.95000
t2Start       : 3.95000
t2End         : 3.97500
tAvgIndex     : 1.98750

