Iteration     : 1
CompLabel     : CT
averageVal1   : 0.95955
averageVal2   : 7.65105
AVG_MAG_VAL   : 5.90627
rmsVal1       : 9.25850
rmsVal2       : 9.25850
AVG_RMS_Val   : 10.31040
amplitudeVal1 : 8.52328
amplitudeVal2 : 5.31870
AVG_AMP_VAL   : 8.52328
Label 1       : i
Label 2       : i
t1Start       : 0.00000
t1End         : 3.95000
t2Start       : 3.95000
t2End         : 3.97500
tAvgIndex     : 1.98750

