Iteration     : 1
CompLabel     : FX
averageVal1   : 0.00236
averageVal2   : 0.11679
AVG_MAG_VAL   : 0.04275
rmsVal1       : 0.00431
rmsVal2       : 0.00431
AVG_RMS_Val   : 0.12348
amplitudeVal1 : 0.08925
amplitudeVal2 : 0.08546
AVG_AMP_VAL   : 0.09051
Label 1       : a
Label 2       : a
t1Start       : 0.00000
t1End         : 4.25000
t2Start       : 4.25000
t2End         : 4.37000
tAvgIndex     : 2.18500

