Iteration     : 1
CompLabel     : CT
averageVal1   : 3.34048
averageVal2   : 3.34048
AVG_MAG_VAL   : 3.34048
rmsVal1       : 10.79510
rmsVal2       : 10.79510
AVG_RMS_Val   : 10.79510
amplitudeVal1 : 9.25721
amplitudeVal2 : 9.25721
AVG_AMP_VAL   : 9.25721
Label 1       : pc
Label 2       : z
t1Start       : 0.00000
t1End         : 4.05500
t2Start       : 3.90000
t2End         : 4.05500
tAvgIndex     : 2.02750

