Iteration     : 1
CompLabel     : FX
averageVal1   : -0.09968
averageVal2   : -0.09968
AVG_MAG_VAL   : -0.09968
rmsVal1       : -0.04512
rmsVal2       : -0.04512
AVG_RMS_Val   : -0.04512
amplitudeVal1 : 0.05476
amplitudeVal2 : 0.05476
AVG_AMP_VAL   : 0.05476
Label 1       : k
Label 2       : k
t1Start       : 0.00000
t1End         : 4.49500
t2Start       : 0.00000
t2End         : 4.49500
tAvgIndex     : 2.24750

