Iteration     : 1
CompLabel     : FX
averageVal1   : 2.10900
averageVal2   : 2.10900
AVG_MAG_VAL   : 2.10900
rmsVal1       : 2.26773
rmsVal2       : 2.26773
AVG_RMS_Val   : 2.26773
amplitudeVal1 : 0.21512
amplitudeVal2 : 0.21512
AVG_AMP_VAL   : 0.21512
Label 1       : k
Label 2       : k
t1Start       : 0.00000
t1End         : 4.49500
t2Start       : 0.00000
t2End         : 4.49500
tAvgIndex     : 2.24750

