Iteration     : 1
CompLabel     : FX
averageVal1   : -0.11552
averageVal2   : -0.11552
AVG_MAG_VAL   : -0.11552
rmsVal1       : -0.10012
rmsVal2       : -0.10012
AVG_RMS_Val   : -0.10012
amplitudeVal1 : 0.02294
amplitudeVal2 : 0.02294
AVG_AMP_VAL   : 0.02294
Label 1       : k
Label 2       : k
t1Start       : 0.00000
t1End         : 4.49500
t2Start       : 0.00000
t2End         : 4.49500
tAvgIndex     : 2.24750

