Iteration : 2
Average   : -0.17913
Max Val   : -0.00043
Min Val   : -0.35784
Start     : 3.77500
Finish    : 3.82500
Gradient  : -7.16616
Grad Label: nimp  

