Iteration : 2
Average   : -0.00922
Max Val   : 0.00053
Min Val   : -0.01898
Start     : 3.07500
Finish    : 3.77500
Gradient  : -0.02787
Grad Label: cons  

Iteration : 3
Average   : -0.09512
Max Val   : -0.01479
Min Val   : -0.17544
Start     : 3.77500
Finish    : 3.82500
Gradient  : -3.72380
Grad Label: mneg  

