Iteration : 2
Average   : 0.23430
Max Val   : 0.58945
Min Val   : -0.12084
Start     : 3.77500
Finish    : 3.82500
Gradient  : 14.90149
Grad Label: pimp  

