Iteration : 2
Average   : -0.08916
Max Val   : -0.07917
Min Val   : -0.09914
Start     : 1.50000
Finish    : 2.67500
Gradient  : -0.01699
Grad Label: cons  

Iteration : 3
Average   : -0.01524
Max Val   : 0.11888
Min Val   : -0.14935
Start     : 2.67500
Finish    : 3.77500
Gradient  : 0.24385
Grad Label: cons  

Iteration : 4
Average   : 2.35687
Max Val   : 4.72222
Min Val   : -0.00848
Start     : 3.77500
Finish    : 3.82500
Gradient  : 102.90945
Grad Label: pimp  

