Iteration : 2
Average   : -1.70104
Max Val   : -1.58696
Min Val   : -1.81513
Start     : 0.35000
Finish    : 3.00000
Gradient  : -0.08610
Grad Label: cons  

Iteration : 3
Average   : -1.60309
Max Val   : -1.21995
Min Val   : -1.98623
Start     : 3.00000
Finish    : 3.77500
Gradient  : 0.98875
Grad Label: cons  

Iteration : 4
Average   : 4.48466
Max Val   : 10.63830
Min Val   : -1.66897
Start     : 3.77500
Finish    : 3.82500
Gradient  : 256.97739
Grad Label: pimp  

