Iteration : 2
Average   : 2.14079
Max Val   : 2.19051
Min Val   : 2.09106
Start     : 0.50000
Finish    : 3.77500
Gradient  : 0.03037
Grad Label: cons  

Iteration : 3
Average   : -0.91156
Max Val   : 2.26929
Min Val   : -4.09241
Start     : 3.77500
Finish    : 3.82500
Gradient  : -137.96199
Grad Label: nimp  

