Iteration : 1
Average   : 0.00015
Max Val   : 0.00120
Min Val   : -0.00090
Start     : 0.00000
Finish    : 3.32500
Gradient  : -0.00063
Grad Label: cons  

Iteration : 2
Average   : -0.04700
Max Val   : -0.03994
Min Val   : -0.05407
Start     : 3.32500
Finish    : 3.37500
Gradient  : -0.28259
Grad Label: sneg  

Iteration : 3
Average   : -0.03592
Max Val   : 0.02819
Min Val   : -0.10004
Start     : 3.37500
Finish    : 3.42000
Gradient  : 2.77463
Grad Label: mpos  

