Iteration : 1
Average   : 0.00279
Max Val   : 0.00427
Min Val   : 0.00130
Start     : 0.00000
Finish    : 3.35000
Gradient  : -0.00089
Grad Label: cons  

Iteration : 2
Average   : 0.04190
Max Val   : 0.07803
Min Val   : 0.00577
Start     : 3.35000
Finish    : 3.42000
Gradient  : 0.91814
Grad Label: spos  

