Iteration     : 1
CompLabel     : FX
averageVal1   : -0.04914
averageVal2   : -0.04914
AVG_MAG_VAL   : -0.04914
rmsVal1       : 0.00501
rmsVal2       : 0.00501
AVG_RMS_Val   : 0.00501
amplitudeVal1 : 0.07813
amplitudeVal2 : 0.07813
AVG_AMP_VAL   : 0.07813
Label 1       : k
Label 2       : k
t1Start       : 0.00000
t1End         : 3.82000
t2Start       : 0.00000
t2End         : 3.82000
tAvgIndex     : 1.91000

