Iteration     : 1
CompLabel     : CT
averageVal1   : 0.86888
averageVal2   : 0.86888
AVG_MAG_VAL   : 0.86888
rmsVal1       : 10.11260
rmsVal2       : 10.11260
AVG_RMS_Val   : 10.11260
amplitudeVal1 : 11.94391
amplitudeVal2 : 11.94391
AVG_AMP_VAL   : 11.94391
Label 1       : pc
Label 2       : z
t1Start       : 0.00000
t1End         : 3.67500
t2Start       : 3.67500
t2End         : 3.82000
tAvgIndex     : 1.91000

