Iteration     : 1
CompLabel     : FX
averageVal1   : -0.11023
averageVal2   : 0.15529
AVG_MAG_VAL   : 0.02253
rmsVal1       : -0.09925
rmsVal2       : -0.09925
AVG_RMS_Val   : 0.42992
amplitudeVal1 : 0.55113
amplitudeVal2 : 0.54926
AVG_AMP_VAL   : 0.55113
Label 1       : a
Label 2       : a
t1Start       : 0.00000
t1End         : 3.67500
t2Start       : 3.67500
t2End         : 3.82000
tAvgIndex     : 1.91000

