Iteration : 2
Average   : -0.08178
Max Val   : -0.07462
Min Val   : -0.08895
Start     : 0.20000
Finish    : 1.45000
Gradient  : 0.01147
Grad Label: cons  

Iteration : 3
Average   : -0.09202
Max Val   : -0.08055
Min Val   : -0.10349
Start     : 1.45000
Finish    : 3.15000
Gradient  : -0.01349
Grad Label: cons  

Iteration : 4
Average   : -0.10215
Max Val   : -0.09964
Min Val   : -0.10466
Start     : 3.15000
Finish    : 4.49500
Gradient  : -0.00405
Grad Label: cons  

