Iteration : 1
Average   : 0.00076
Max Val   : 0.00222
Min Val   : -0.00070
Start     : 0.00000
Finish    : 4.49500
Gradient  : -0.00036
Grad Label: cons  

