Iteration : 2
Average   : 2.05845
Max Val   : 2.05972
Min Val   : 2.05718
Start     : 0.15000
Finish    : 0.47500
Gradient  : 0.00783
Grad Label: cons  

Iteration : 3
Average   : 2.18273
Max Val   : 2.30506
Min Val   : 2.06039
Start     : 0.47500
Finish    : 4.49500
Gradient  : 0.06001
Grad Label: cons  

