Iteration : 2
Average   : -0.11772
Max Val   : -0.11743
Min Val   : -0.11800
Start     : 3.80000
Finish    : 4.49500
Gradient  : -0.00081
Grad Label: cons  

