Iteration : 2
Average   : -1.69688
Max Val   : -1.57795
Min Val   : -1.81581
Start     : 0.17500
Finish    : 3.07500
Gradient  : -0.08202
Grad Label: cons  

Iteration : 3
Average   : -1.68993
Max Val   : -1.62948
Min Val   : -1.75039
Start     : 3.07500
Finish    : 4.49500
Gradient  : 0.09244
Grad Label: cons  

