Iteration : 1
Average   : 0.00268
Max Val   : 0.00437
Min Val   : 0.00099
Start     : 0.00000
Finish    : 4.49500
Gradient  : -0.00080
Grad Label: cons  

