Iteration     : 1
CompLabel     : FX
averageVal1   : -0.12942
averageVal2   : 0.60862
AVG_MAG_VAL   : 0.13093
rmsVal1       : -0.07334
rmsVal2       : -0.07334
AVG_RMS_Val   : 1.09062
amplitudeVal1 : 0.77156
amplitudeVal2 : 1.69493
AVG_AMP_VAL   : 1.69493
Label 1       : a
Label 2       : a
t1Start       : 0.00000
t1End         : 3.30000
t2Start       : 3.30000
t2End         : 3.44000
tAvgIndex     : 1.72000

