Iteration     : 1
CompLabel     : CT
averageVal1   : 1.95398
averageVal2   : 1.95398
AVG_MAG_VAL   : 1.95398
rmsVal1       : 10.08520
rmsVal2       : 10.08520
AVG_RMS_Val   : 10.08520
amplitudeVal1 : 5.60479
amplitudeVal2 : 5.60479
AVG_AMP_VAL   : 5.60479
Label 1       : pc
Label 2       : z
t1Start       : 0.00000
t1End         : 3.44000
t2Start       : 3.35000
t2End         : 3.44000
tAvgIndex     : 1.72000

