Iteration     : 1
CompLabel     : a
averageVal1   : 0.00090
averageVal2   : -0.01214
AVG_MAG_VAL   : -0.00755
rmsVal1       : 0.00090
rmsVal2       : 0.01228
AVG_RMS_Val   : 0.00310
amplitudeVal1 : 0.00000
amplitudeVal2 : 0.00647
AVG_AMP_VAL   : 0.00822
Label 1       : bpos
Label 2       : bpos
t1Start       : 0.00000
t1End         : 8.25000
t2Start       : 8.25000
t2End         : 10.80000
tAvgIndex     : 5.40000

