Iteration     : 1
CompLabel     : d
averageVal1   : 1.23021
averageVal2   : 1.23021
AVG_MAG_VAL   : 1.23021
rmsVal1       : 1.23021
rmsVal2       : 1.23021
AVG_RMS_Val   : 1.23021
amplitudeVal1 : 0.00000
amplitudeVal2 : 0.00000
AVG_AMP_VAL   : 0.00000
Label 1       : spos
Label 2       : none
t1Start       : 0.00000
t1End         : 3.75000
t2Start       : 3.60000
t2End         : 3.75000
tAvgIndex     : 1.87500

Iteration     : 2
CompLabel     : a
averageVal1   : 10.05620
averageVal2   : 11.82118
AVG_MAG_VAL   : 11.11668
rmsVal1       : 10.05620
rmsVal2       : 11.82250
AVG_RMS_Val   : 10.02151
amplitudeVal1 : 0.21166
amplitudeVal2 : 0.31772
AVG_AMP_VAL   : 0.47396
Label 1       : bpos
Label 2       : bpos
t1Start       : 3.75000
t1End         : 8.35000
t2Start       : 8.35000
t2End         : 10.80000
tAvgIndex     : 7.27500

