Iteration     : 1
CompLabel     : FX
averageVal1   : 1.59196
averageVal2   : 1.80654
AVG_MAG_VAL   : 2.83135
rmsVal1       : 2.04297
rmsVal2       : 2.04297
AVG_RMS_Val   : 4.02355
amplitudeVal1 : 1.70502
amplitudeVal2 : 1.69317
AVG_AMP_VAL   : 3.92004
Label 1       : a
Label 2       : a
t1Start       : 0.00000
t1End         : 4.25000
t2Start       : 4.25000
t2End         : 4.50500
tAvgIndex     : 2.25250

