Iteration     : 1
CompLabel     : FX
averageVal1   : -0.10891
averageVal2   : 0.13966
AVG_MAG_VAL   : 0.01538
rmsVal1       : -0.09958
rmsVal2       : -0.09958
AVG_RMS_Val   : 0.39550
amplitudeVal1 : 0.51375
amplitudeVal2 : 0.51168
AVG_AMP_VAL   : 0.51375
Label 1       : a
Label 2       : a
t1Start       : 0.00000
t1End         : 3.32500
t2Start       : 3.32500
t2End         : 3.41500
tAvgIndex     : 1.70750

