Iteration     : 1
CompLabel     : CT
averageVal1   : 0.60326
averageVal2   : 0.60326
AVG_MAG_VAL   : 0.60326
rmsVal1       : 2.19846
rmsVal2       : 2.19846
AVG_RMS_Val   : 2.19846
amplitudeVal1 : 6.16950
amplitudeVal2 : 6.16950
AVG_AMP_VAL   : 6.16950
Label 1       : nc
Label 2       : z
t1Start       : 0.00000
t1End         : 3.32500
t2Start       : 3.32500
t2End         : 3.41500
tAvgIndex     : 1.70750

