Iteration     : 1
CompLabel     : FX
averageVal1   : 1.59187
averageVal2   : 0.42006
AVG_MAG_VAL   : 0.55852
rmsVal1       : 2.04273
rmsVal2       : 2.04273
AVG_RMS_Val   : 2.35820
amplitudeVal1 : 1.55547
amplitudeVal2 : 0.21432
AVG_AMP_VAL   : 2.99711
Label 1       : bpos
Label 2       : bpos
t1Start       : 0.00000
t1End         : 5.37500
t2Start       : 5.37500
t2End         : 6.20000
tAvgIndex     : 3.10000

