Iteration     : 1
CompLabel     : FX
averageVal1   : 3.15924
averageVal2   : 3.15924
AVG_MAG_VAL   : 3.15924
rmsVal1       : 2.30230
rmsVal2       : 2.30230
AVG_RMS_Val   : 2.30230
amplitudeVal1 : 0.24375
amplitudeVal2 : 0.24375
AVG_AMP_VAL   : 0.24375
Label 1       : k
Label 2       : k
t1Start       : 0.00000
t1End         : 4.49500
t2Start       : 0.00000
t2End         : 4.49500
tAvgIndex     : 2.24750

