Iteration     : 1
CompLabel     : FX
averageVal1   : -0.08780
averageVal2   : -0.08780
AVG_MAG_VAL   : -0.08780
rmsVal1       : -0.04115
rmsVal2       : -0.04115
AVG_RMS_Val   : -0.04115
amplitudeVal1 : 0.05875
amplitudeVal2 : 0.05875
AVG_AMP_VAL   : 0.05875
Label 1       : k
Label 2       : k
t1Start       : 0.00000
t1End         : 4.49500
t2Start       : 0.00000
t2End         : 4.49500
tAvgIndex     : 2.24750

