Iteration     : 1
CompLabel     : FX
averageVal1   : -2.45539
averageVal2   : -2.45539
AVG_MAG_VAL   : -2.45539
rmsVal1       : -1.50083
rmsVal2       : -1.50083
AVG_RMS_Val   : -1.50083
amplitudeVal1 : 0.31170
amplitudeVal2 : 0.31170
AVG_AMP_VAL   : 0.31170
Label 1       : k
Label 2       : k
t1Start       : 0.00000
t1End         : 4.49500
t2Start       : 0.00000
t2End         : 4.49500
tAvgIndex     : 2.24750

