Iteration     : 1
CompLabel     : FX
averageVal1   : -0.02563
averageVal2   : -0.02563
AVG_MAG_VAL   : -0.02563
rmsVal1       : 0.08163
rmsVal2       : 0.08163
AVG_RMS_Val   : 0.08163
amplitudeVal1 : 0.00400
amplitudeVal2 : 0.00400
AVG_AMP_VAL   : 0.00400
Label 1       : bneg
Label 2       : bneg
t1Start       : 0.00000
t1End         : 7.65000
t2Start       : 0.00000
t2End         : 7.65000
tAvgIndex     : 3.82500

