Iteration     : 1
CompLabel     : FX
averageVal1   : -0.10913
averageVal2   : 0.19890
AVG_MAG_VAL   : 0.04488
rmsVal1       : -0.09893
rmsVal2       : -0.09893
AVG_RMS_Val   : 0.36561
amplitudeVal1 : 0.48495
amplitudeVal2 : 0.43960
AVG_AMP_VAL   : 0.48495
Label 1       : a
Label 2       : a
t1Start       : 0.00000
t1End         : 3.32500
t2Start       : 3.32500
t2End         : 3.45500
tAvgIndex     : 1.72750

