Iteration     : 1
CompLabel     : FX
averageVal1   : 2.09376
averageVal2   : -1.01020
AVG_MAG_VAL   : 0.54178
rmsVal1       : 2.19302
rmsVal2       : 2.19302
AVG_RMS_Val   : 2.19302
amplitudeVal1 : 5.19832
amplitudeVal2 : 4.66333
AVG_AMP_VAL   : 5.19832
Label 1       : a
Label 2       : a
t1Start       : 0.00000
t1End         : 3.32500
t2Start       : 3.32500
t2End         : 3.45500
tAvgIndex     : 1.72750

