Iteration     : 1
CompLabel     : FX
averageVal1   : 1.59187
averageVal2   : 1.41254
AVG_MAG_VAL   : 1.33156
rmsVal1       : 2.04273
rmsVal2       : 2.04273
AVG_RMS_Val   : 3.75801
amplitudeVal1 : 1.69242
amplitudeVal2 : 0.54715
AVG_AMP_VAL   : 2.93173
Label 1       : bpos
Label 2       : bpos
t1Start       : 0.00000
t1End         : 3.67500
t2Start       : 3.67500
t2End         : 5.76500
tAvgIndex     : 2.88250

