Iteration : 2
Average   : -1.70014
Max Val   : -1.58270
Min Val   : -1.81758
Start     : 0.30000
Finish    : 3.07500
Gradient  : -0.08464
Grad Label: cons  

Iteration : 3
Average   : -1.70668
Max Val   : -1.65897
Min Val   : -1.75439
Start     : 3.07500
Finish    : 4.50000
Gradient  : 0.07244
Grad Label: cons  

