Iteration : 2
Average   : -0.11645
Max Val   : -0.11638
Min Val   : -0.11652
Start     : 3.60000
Finish    : 4.50000
Gradient  : -0.00017
Grad Label: cons  

