Iteration : 2
Average   : 2.16413
Max Val   : 2.26996
Min Val   : 2.05830
Start     : 0.47500
Finish    : 4.50000
Gradient  : 0.05164
Grad Label: cons  

