Iteration : 1
Average   : 0.00211
Max Val   : 0.00455
Min Val   : -0.00034
Start     : 0.00000
Finish    : 4.50000
Gradient  : -0.00111
Grad Label: cons  

