Iteration : 2
Average   : -0.09138
Max Val   : -0.08078
Min Val   : -0.10198
Start     : 1.52500
Finish    : 2.92500
Gradient  : -0.01514
Grad Label: cons  

Iteration : 3
Average   : -0.09719
Max Val   : -0.09628
Min Val   : -0.09809
Start     : 2.92500
Finish    : 4.05000
Gradient  : -0.00161
Grad Label: cons  

Iteration : 4
Average   : -0.10037
Max Val   : -0.09866
Min Val   : -0.10207
Start     : 4.05000
Finish    : 4.50000
Gradient  : -0.00532
Grad Label: cons  

