Iteration : 1
Average   : 0.00001
Max Val   : 0.00082
Min Val   : -0.00080
Start     : 0.00000
Finish    : 4.50000
Gradient  : -0.00032
Grad Label: cons  

