Iteration     : 1
CompLabel     : CT
averageVal1   : 0.87013
averageVal2   : 0.87013
AVG_MAG_VAL   : 0.87013
rmsVal1       : 9.97887
rmsVal2       : 9.97887
AVG_RMS_Val   : 9.97887
amplitudeVal1 : 11.79457
amplitudeVal2 : 11.79457
AVG_AMP_VAL   : 11.79457
Label 1       : pc
Label 2       : z
t1Start       : 0.00000
t1End         : 4.30000
t2Start       : 4.30000
t2End         : 4.40500
tAvgIndex     : 2.20250

