Iteration     : 1
CompLabel     : CT
averageVal1   : 0.08493
averageVal2   : 0.08493
AVG_MAG_VAL   : 0.08493
rmsVal1       : 0.68607
rmsVal2       : 0.68607
AVG_RMS_Val   : 0.68607
amplitudeVal1 : 0.81045
amplitudeVal2 : 0.81045
AVG_AMP_VAL   : 0.81045
Label 1       : pc
Label 2       : z
t1Start       : 0.00000
t1End         : 4.30000
t2Start       : 4.30000
t2End         : 4.40500
tAvgIndex     : 2.20250

