Iteration     : 1
CompLabel     : FX
averageVal1   : -0.09783
averageVal2   : 1.39196
AVG_MAG_VAL   : 0.17597
rmsVal1       : -0.02224
rmsVal2       : -0.02224
AVG_RMS_Val   : 3.23580
amplitudeVal1 : 0.67331
amplitudeVal2 : 3.42470
AVG_AMP_VAL   : 3.42470
Label 1       : bpos
Label 2       : bpos
t1Start       : 0.00000
t1End         : 3.37500
t2Start       : 3.37500
t2End         : 6.08500
tAvgIndex     : 3.04250

