Iteration     : 1
CompLabel     : FX
averageVal1   : 0.00312
averageVal2   : -0.02121
AVG_MAG_VAL   : -0.00851
rmsVal1       : 0.00405
rmsVal2       : 0.00405
AVG_RMS_Val   : 0.24619
amplitudeVal1 : 0.05092
amplitudeVal2 : 0.11805
AVG_AMP_VAL   : 0.17750
Label 1       : bpos
Label 2       : bpos
t1Start       : 0.00000
t1End         : 3.40000
t2Start       : 3.40000
t2End         : 6.08500
tAvgIndex     : 3.04250

