Iteration     : 1
CompLabel     : FX
averageVal1   : 0.00308
averageVal2   : -0.00010
AVG_MAG_VAL   : -0.00003
rmsVal1       : 0.00405
rmsVal2       : 0.00405
AVG_RMS_Val   : 0.36186
amplitudeVal1 : 0.03060
amplitudeVal2 : 0.27621
AVG_AMP_VAL   : 0.52634
Label 1       : bpos
Label 2       : bpos
t1Start       : 0.00000
t1End         : 5.65000
t2Start       : 5.65000
t2End         : 6.39500
tAvgIndex     : 3.19750

