Iteration     : 1
CompLabel     : CT
averageVal1   : 1.49576
averageVal2   : 1.49576
AVG_MAG_VAL   : 1.49576
rmsVal1       : 11.06050
rmsVal2       : 11.06050
AVG_RMS_Val   : 11.06050
amplitudeVal1 : 12.92938
amplitudeVal2 : 12.92938
AVG_AMP_VAL   : 12.92938
Label 1       : pc
Label 2       : z
t1Start       : 0.00000
t1End         : 3.32500
t2Start       : 3.32500
t2End         : 3.44500
tAvgIndex     : 1.72250

