Iteration     : 1
CompLabel     : FX
averageVal1   : -0.13344
averageVal2   : 0.68515
AVG_MAG_VAL   : 0.19974
rmsVal1       : -0.06089
rmsVal2       : -0.06089
AVG_RMS_Val   : 0.81342
amplitudeVal1 : 0.50099
amplitudeVal2 : 0.36603
AVG_AMP_VAL   : 1.00728
Label 1       : a
Label 2       : a
t1Start       : 0.00000
t1End         : 3.32500
t2Start       : 3.32500
t2End         : 3.44500
tAvgIndex     : 1.72250

