Iteration     : 1
CompLabel     : CT
averageVal1   : 1.09519
averageVal2   : 1.09519
AVG_MAG_VAL   : 1.09519
rmsVal1       : 4.57637
rmsVal2       : 4.57637
AVG_RMS_Val   : 4.57637
amplitudeVal1 : 4.71606
amplitudeVal2 : 4.71606
AVG_AMP_VAL   : 4.71606
Label 1       : pc
Label 2       : z
t1Start       : 0.00000
t1End         : 3.80000
t2Start       : 3.80000
t2End         : 3.86000
tAvgIndex     : 1.93000

