Iteration     : 1
CompLabel     : CT
averageVal1   : 1.16314
averageVal2   : 1.16314
AVG_MAG_VAL   : 1.16314
rmsVal1       : 2.27945
rmsVal2       : 2.27945
AVG_RMS_Val   : 2.27945
amplitudeVal1 : 6.20998
amplitudeVal2 : 6.20998
AVG_AMP_VAL   : 6.20998
Label 1       : nc
Label 2       : z
t1Start       : 0.00000
t1End         : 3.80000
t2Start       : 3.80000
t2End         : 3.86000
tAvgIndex     : 1.93000

