Iteration     : 1
CompLabel     : CT
averageVal1   : 1.14388
averageVal2   : 1.14388
AVG_MAG_VAL   : 1.14388
rmsVal1       : 11.12880
rmsVal2       : 11.12880
AVG_RMS_Val   : 11.12880
amplitudeVal1 : 13.09204
amplitudeVal2 : 13.09204
AVG_AMP_VAL   : 13.09204
Label 1       : pc
Label 2       : z
t1Start       : 0.00000
t1End         : 3.80000
t2Start       : 3.80000
t2End         : 3.86000
tAvgIndex     : 1.93000

