Iteration     : 1
CompLabel     : CT
averageVal1   : 0.07401
averageVal2   : 0.07401
AVG_MAG_VAL   : 0.07401
rmsVal1       : 0.62970
rmsVal2       : 0.62970
AVG_RMS_Val   : 0.62970
amplitudeVal1 : 0.75062
amplitudeVal2 : 0.75062
AVG_AMP_VAL   : 0.75062
Label 1       : pc
Label 2       : z
t1Start       : 0.00000
t1End         : 3.80000
t2Start       : 3.80000
t2End         : 3.86000
tAvgIndex     : 1.93000

