Iteration     : 1
CompLabel     : FX
averageVal1   : 0.00269
averageVal2   : 0.00787
AVG_MAG_VAL   : 0.00796
rmsVal1       : 0.00402
rmsVal2       : 0.00402
AVG_RMS_Val   : 0.14948
amplitudeVal1 : 0.11195
amplitudeVal2 : 0.01161
AVG_AMP_VAL   : 0.28492
Label 1       : bpos
Label 2       : bpos
t1Start       : 0.00000
t1End         : 6.07500
t2Start       : 6.07500
t2End         : 6.43500
tAvgIndex     : 3.21750

