Iteration : 2
Average   : -0.01355
Max Val   : -0.00803
Min Val   : -0.01907
Start     : 3.35000
Finish    : 3.37500
Gradient  : -0.44156
Grad Label: sneg  

Iteration : 3
Average   : -0.02490
Max Val   : -0.02067
Min Val   : -0.02913
Start     : 3.37500
Finish    : 3.40000
Gradient  : 0.33818
Grad Label: spos  

Iteration : 4
Average   : 0.01719
Max Val   : 0.05988
Min Val   : -0.02549
Start     : 3.40000
Finish    : 3.48000
Gradient  : 1.10782
Grad Label: spos  

