Iteration : 2
Average   : -0.03916
Max Val   : -0.03030
Min Val   : -0.04802
Start     : 3.32500
Finish    : 3.37500
Gradient  : -0.35445
Grad Label: sneg  

Iteration : 3
Average   : 0.02616
Max Val   : 0.14287
Min Val   : -0.09055
Start     : 3.37500
Finish    : 3.47500
Gradient  : 2.21006
Grad Label: spos  

