Iteration : 2
Average   : -1.70518
Max Val   : -1.59586
Min Val   : -1.81450
Start     : 0.17500
Finish    : 3.12500
Gradient  : -0.07411
Grad Label: cons  

Iteration : 3
Average   : -1.66140
Max Val   : -1.33905
Min Val   : -1.98375
Start     : 3.12500
Finish    : 3.32500
Gradient  : 3.22353
Grad Label: spos  

Iteration : 4
Average   : 4.28707
Max Val   : 10.31450
Min Val   : -1.74036
Start     : 3.32500
Finish    : 3.47500
Gradient  : 79.32767
Grad Label: pimp  

