Iteration : 2
Average   : 0.13451
Max Val   : 0.32019
Min Val   : -0.05117
Start     : 3.32500
Finish    : 3.45000
Gradient  : 2.97092
Grad Label: mpos  

Iteration : 3
Average   : 0.31731
Max Val   : 0.35993
Min Val   : 0.27469
Start     : 3.45000
Finish    : 3.47500
Gradient  : 1.46059
Grad Label: spos  

