Iteration     : 1
CompLabel     : FX
averageVal1   : 3.13251
averageVal2   : 0.15932
AVG_MAG_VAL   : 2.00151
rmsVal1       : 2.16429
rmsVal2       : 2.16429
AVG_RMS_Val   : 3.14747
amplitudeVal1 : 1.19621
amplitudeVal2 : 6.12537
AVG_AMP_VAL   : 6.12537
Label 1       : a
Label 2       : a
t1Start       : 0.00000
t1End         : 3.67500
t2Start       : 3.67500
t2End         : 4.15000
tAvgIndex     : 2.07500

