Iteration     : 1
CompLabel     : a
averageVal1   : -0.08444
averageVal2   : 3.90016
AVG_MAG_VAL   : 1.46158
rmsVal1       : -0.08444
rmsVal2       : 3.90016
AVG_RMS_Val   : 1.21659
amplitudeVal1 : 1.62148
amplitudeVal2 : 0.29807
AVG_AMP_VAL   : 1.64404
Label 1       : bpos
Label 2       : bpos
t1Start       : 0.00000
t1End         : 5.72500
t2Start       : 5.72500
t2End         : 6.00500
tAvgIndex     : 3.00250

