Iteration     : 1
CompLabel     : FX
averageVal1   : -0.08533
averageVal2   : 2.68415
AVG_MAG_VAL   : 1.58243
rmsVal1       : 0.09788
rmsVal2       : 0.09788
AVG_RMS_Val   : 5.12866
amplitudeVal1 : 2.69355
amplitudeVal2 : 0.84674
AVG_AMP_VAL   : 3.18663
Label 1       : bpos
Label 2       : bpos
t1Start       : 0.00000
t1End         : 3.67500
t2Start       : 3.67500
t2End         : 6.25500
tAvgIndex     : 3.12750

