Iteration     : 1
CompLabel     : FX
averageVal1   : 0.00016
averageVal2   : 0.00016
AVG_MAG_VAL   : 0.00016
rmsVal1       : 0.01028
rmsVal2       : 0.01028
AVG_RMS_Val   : 0.01028
amplitudeVal1 : 0.01896
amplitudeVal2 : 0.01896
AVG_AMP_VAL   : 0.01896
Label 1       : k
Label 2       : k
t1Start       : 0.00000
t1End         : 3.99500
t2Start       : 0.00000
t2End         : 3.99500
tAvgIndex     : 1.99750

