Iteration     : 1
CompLabel     : CT
averageVal1   : 0.85829
averageVal2   : 0.85829
AVG_MAG_VAL   : 0.85829
rmsVal1       : 10.03870
rmsVal2       : 10.03870
AVG_RMS_Val   : 10.03870
amplitudeVal1 : 11.85287
amplitudeVal2 : 11.85287
AVG_AMP_VAL   : 11.85287
Label 1       : pc
Label 2       : z
t1Start       : 0.00000
t1End         : 3.90000
t2Start       : 3.90000
t2End         : 3.99500
tAvgIndex     : 1.99750

