Iteration     : 1
CompLabel     : CT
averageVal1   : 0.06540
averageVal2   : 0.06540
AVG_MAG_VAL   : 0.06540
rmsVal1       : 0.60501
rmsVal2       : 0.60501
AVG_RMS_Val   : 0.60501
amplitudeVal1 : 0.72746
amplitudeVal2 : 0.72746
AVG_AMP_VAL   : 0.72746
Label 1       : pc
Label 2       : z
t1Start       : 0.00000
t1End         : 3.90000
t2Start       : 3.90000
t2End         : 3.99500
tAvgIndex     : 1.99750

