Iteration     : 1
CompLabel     : a
averageVal1   : 0.26806
averageVal2   : 0.26806
AVG_MAG_VAL   : 0.26806
rmsVal1       : 0.26806
rmsVal2       : 0.26806
AVG_RMS_Val   : 0.26806
amplitudeVal1 : 0.28225
amplitudeVal2 : 0.28225
AVG_AMP_VAL   : 0.28225
Label 1       : bneg
Label 2       : none
t1Start       : 0.00000
t1End         : 4.60000
t2Start       : 4.47500
t2End         : 4.60000
tAvgIndex     : 2.30000

Iteration     : 2
CompLabel     : pc
averageVal1   : 0.24777
averageVal2   : 0.24777
AVG_MAG_VAL   : 0.24777
rmsVal1       : 0.24777
rmsVal2       : 0.24777
AVG_RMS_Val   : 0.24777
amplitudeVal1 : 0.01047
amplitudeVal2 : 0.01047
AVG_AMP_VAL   : 0.01047
Label 1       : bpos
Label 2       : none
t1Start       : 4.60000
t1End         : 4.62500
t2Start       : 4.62500
t2End         : 4.65000
tAvgIndex     : 4.62500

Iteration     : 3
CompLabel     : a
averageVal1   : 0.41305
averageVal2   : 1.07771
AVG_MAG_VAL   : 0.91128
rmsVal1       : 0.42609
rmsVal2       : 1.08126
AVG_RMS_Val   : 0.71163
amplitudeVal1 : 0.05103
amplitudeVal2 : 0.21908
AVG_AMP_VAL   : 0.38462
Label 1       : bpos
Label 2       : bpos
t1Start       : 4.65000
t1End         : 10.17500
t2Start       : 10.17500
t2End         : 10.58500
tAvgIndex     : 7.61750

