Iteration     : 1
CompLabel     : FX
averageVal1   : -0.10924
averageVal2   : 0.14655
AVG_MAG_VAL   : -0.05436
rmsVal1       : -0.09880
rmsVal2       : -0.09880
AVG_RMS_Val   : 0.40848
amplitudeVal1 : 0.33806
amplitudeVal2 : 0.52385
AVG_AMP_VAL   : 0.53447
Label 1       : a
Label 2       : a
t1Start       : 0.00000
t1End         : 3.32500
t2Start       : 3.32500
t2End         : 4.31000
tAvgIndex     : 2.15500

