Iteration : 2
Average   : -0.07392
Max Val   : 0.00455
Min Val   : -0.15239
Start     : 3.85000
Finish    : 3.90000
Gradient  : -3.13885
Grad Label: mneg  

Iteration : 3
Average   : -0.18216
Max Val   : -0.16986
Min Val   : -0.19446
Start     : 3.90000
Finish    : 3.92500
Gradient  : -0.98387
Grad Label: sneg  

Iteration : 4
Average   : -0.20912
Max Val   : -0.19759
Min Val   : -0.22065
Start     : 3.92500
Finish    : 3.95500
Gradient  : -0.52895
Grad Label: sneg  

