Iteration : 2
Average   : 0.02734
Max Val   : 0.17821
Min Val   : -0.12352
Start     : 3.85000
Finish    : 3.90000
Gradient  : 6.03462
Grad Label: bpos  

Iteration : 3
Average   : 0.23147
Max Val   : 0.31846
Min Val   : 0.14448
Start     : 3.90000
Finish    : 3.92500
Gradient  : 6.95919
Grad Label: bpos  

Iteration : 4
Average   : 0.44875
Max Val   : 0.63460
Min Val   : 0.26289
Start     : 3.92500
Finish    : 3.95500
Gradient  : 13.54258
Grad Label: pimp  

