Iteration : 2
Average   : -0.01566
Max Val   : -0.00927
Min Val   : -0.02205
Start     : 3.87500
Finish    : 3.90000
Gradient  : 0.51126
Grad Label: spos  

Iteration : 3
Average   : -0.00436
Max Val   : 0.00628
Min Val   : -0.01500
Start     : 3.90000
Finish    : 3.92500
Gradient  : -0.85147
Grad Label: sneg  

Iteration : 4
Average   : -0.02695
Max Val   : 0.00756
Min Val   : -0.06147
Start     : 3.92500
Finish    : 3.95500
Gradient  : -2.56525
Grad Label: mneg  

