Iteration     : 1
CompLabel     : FX
averageVal1   : -0.10911
averageVal2   : 0.16294
AVG_MAG_VAL   : 0.02692
rmsVal1       : -0.09907
rmsVal2       : -0.09907
AVG_RMS_Val   : 0.44203
amplitudeVal1 : 0.56117
amplitudeVal2 : 0.55817
AVG_AMP_VAL   : 0.56117
Label 1       : a
Label 2       : a
t1Start       : 0.00000
t1End         : 3.32500
t2Start       : 3.32500
t2End         : 3.41500
tAvgIndex     : 1.70750

