Iteration     : 1
CompLabel     : CT
averageVal1   : 0.39596
averageVal2   : 0.39596
AVG_MAG_VAL   : 0.39596
rmsVal1       : 2.19838
rmsVal2       : 2.19838
AVG_RMS_Val   : 2.19838
amplitudeVal1 : 7.00090
amplitudeVal2 : 7.00090
AVG_AMP_VAL   : 7.00090
Label 1       : nc
Label 2       : z
t1Start       : 0.00000
t1End         : 3.32500
t2Start       : 3.32500
t2End         : 3.41500
tAvgIndex     : 1.70750

