Iteration     : 1
CompLabel     : FX
averageVal1   : -0.09873
averageVal2   : -0.51915
AVG_MAG_VAL   : 0.08499
rmsVal1       : -0.02224
rmsVal2       : -0.02224
AVG_RMS_Val   : 4.08558
amplitudeVal1 : 0.46070
amplitudeVal2 : 2.36580
AVG_AMP_VAL   : 3.71098
Label 1       : bpos
Label 2       : bpos
t1Start       : 0.00000
t1End         : 6.05000
t2Start       : 6.05000
t2End         : 6.47000
tAvgIndex     : 3.23500

