Iteration : 2
Average   : -1.69909
Max Val   : -1.58153
Min Val   : -1.81665
Start     : 0.30000
Finish    : 3.05000
Gradient  : -0.08550
Grad Label: cons  

Iteration : 3
Average   : -1.68873
Max Val   : -1.62589
Min Val   : -1.75158
Start     : 3.05000
Finish    : 4.50000
Gradient  : 0.09449
Grad Label: cons  

