Iteration : 1
Average   : 0.00008
Max Val   : 0.00083
Min Val   : -0.00067
Start     : 0.00000
Finish    : 4.50000
Gradient  : -0.00031
Grad Label: cons  

