Iteration : 2
Average   : -0.11793
Max Val   : -0.11764
Min Val   : -0.11822
Start     : 3.82500
Finish    : 4.50000
Gradient  : -0.00091
Grad Label: cons  

