Iteration : 2
Average   : 2.18372
Max Val   : 2.30936
Min Val   : 2.05809
Start     : 0.45000
Finish    : 4.50000
Gradient  : 0.06140
Grad Label: cons  

