Iteration : 2
Average   : -0.09235
Max Val   : -0.08109
Min Val   : -0.10361
Start     : 1.50000
Finish    : 3.15000
Gradient  : -0.01365
Grad Label: cons  

Iteration : 3
Average   : -0.10247
Max Val   : -0.09970
Min Val   : -0.10525
Start     : 3.15000
Finish    : 4.50000
Gradient  : -0.00431
Grad Label: cons  

