Iteration     : 1
CompLabel     : FX
averageVal1   : -0.10935
averageVal2   : 0.22774
AVG_MAG_VAL   : 0.01562
rmsVal1       : -0.09978
rmsVal2       : -0.09978
AVG_RMS_Val   : 0.38692
amplitudeVal1 : 0.22071
amplitudeVal2 : 0.33096
AVG_AMP_VAL   : 0.33096
Label 1       : a
Label 2       : a
t1Start       : 0.00000
t1End         : 3.50000
t2Start       : 3.50000
t2End         : 3.70500
tAvgIndex     : 1.85250

