Iteration : 2
Average   : -1.70122
Max Val   : -1.58376
Min Val   : -1.81869
Start     : 0.32500
Finish    : 3.07500
Gradient  : -0.08543
Grad Label: cons  

Iteration : 3
Average   : -1.71425
Max Val   : -1.57809
Min Val   : -1.85041
Start     : 3.07500
Finish    : 3.32500
Gradient  : 1.08929
Grad Label: spos  

Iteration : 4
Average   : 4.26967
Max Val   : 10.27990
Min Val   : -1.74055
Start     : 3.32500
Finish    : 3.42000
Gradient  : 144.89200
Grad Label: pimp  

