Iteration : 2
Average   : -0.01108
Max Val   : 0.00442
Min Val   : -0.02658
Start     : 3.32500
Finish    : 3.35000
Gradient  : -1.23995
Grad Label: sneg  

Iteration : 3
Average   : -0.04745
Max Val   : -0.03779
Min Val   : -0.05712
Start     : 3.35000
Finish    : 3.37500
Gradient  : 0.77308
Grad Label: spos  

Iteration : 4
Average   : 0.00452
Max Val   : 0.06118
Min Val   : -0.05214
Start     : 3.37500
Finish    : 3.42000
Gradient  : 2.51942
Grad Label: mpos  

