Iteration : 2
Average   : 0.00760
Max Val   : 0.01816
Min Val   : -0.00297
Start     : 3.35000
Finish    : 3.37500
Gradient  : 0.84504
Grad Label: spos  

Iteration : 3
Average   : 0.03321
Max Val   : 0.05042
Min Val   : 0.01599
Start     : 3.37500
Finish    : 3.42000
Gradient  : 0.76501
Grad Label: spos  

