Iteration : 2
Average   : 2.13588
Max Val   : 2.20007
Min Val   : 2.07169
Start     : 0.47500
Finish    : 3.32500
Gradient  : 0.04504
Grad Label: cons  

Iteration : 3
Average   : 2.05241
Max Val   : 2.59289
Min Val   : 1.51194
Start     : 3.32500
Finish    : 3.35000
Gradient  : -43.23780
Grad Label: mneg  

Iteration : 4
Average   : -1.04541
Max Val   : 1.59527
Min Val   : -3.68610
Start     : 3.35000
Finish    : 3.42000
Gradient  : -85.24550
Grad Label: nimp  

