Iteration : 2
Average   : 0.13204
Max Val   : 0.38029
Min Val   : -0.11620
Start     : 3.32500
Finish    : 3.42000
Gradient  : 6.01597
Grad Label: bpos  

