Iteration     : 1
CompLabel     : FX
averageVal1   : -0.13785
averageVal2   : 0.17270
AVG_MAG_VAL   : 0.01743
rmsVal1       : -0.09881
rmsVal2       : -0.09881
AVG_RMS_Val   : 0.46152
amplitudeVal1 : 0.58462
amplitudeVal2 : 0.57765
AVG_AMP_VAL   : 0.58462
Label 1       : a
Label 2       : a
t1Start       : 0.00000
t1End         : 3.32500
t2Start       : 3.32500
t2End         : 3.40500
tAvgIndex     : 1.70250

