Iteration     : 1
CompLabel     : FX
averageVal1   : -0.09249
averageVal2   : 3.20208
AVG_MAG_VAL   : 2.61412
rmsVal1       : 0.01027
rmsVal2       : 0.01027
AVG_RMS_Val   : 5.15945
amplitudeVal1 : 3.46209
amplitudeVal2 : 3.39935
AVG_AMP_VAL   : 3.46209
Label 1       : bpos
Label 2       : bpos
t1Start       : 0.00000
t1End         : 4.37500
t2Start       : 4.37500
t2End         : 6.44000
tAvgIndex     : 3.22000

