Iteration : 2
Average   : -0.00205
Max Val   : -0.00061
Min Val   : -0.00348
Start     : 3.80000
Finish    : 4.17500
Gradient  : -0.00765
Grad Label: cons  

Iteration : 3
Average   : -0.01037
Max Val   : 0.02012
Min Val   : -0.04086
Start     : 4.17500
Finish    : 4.20000
Gradient  : -2.43908
Grad Label: mneg  

Iteration : 4
Average   : -0.15471
Max Val   : -0.01731
Min Val   : -0.29211
Start     : 4.20000
Finish    : 4.30000
Gradient  : -2.57379
Grad Label: mneg  

