Iteration : 2
Average   : -0.00105
Max Val   : 0.00523
Min Val   : -0.00733
Start     : 3.27500
Finish    : 3.35000
Gradient  : 0.16743
Grad Label: spos  

Iteration : 3
Average   : 0.02481
Max Val   : 0.04883
Min Val   : 0.00079
Start     : 3.35000
Finish    : 3.50000
Gradient  : 0.27391
Grad Label: spos  

