Iteration     : 1
CompLabel     : FX
averageVal1   : -0.11020
averageVal2   : 0.15159
AVG_MAG_VAL   : 0.02070
rmsVal1       : -0.09936
rmsVal2       : -0.09936
AVG_RMS_Val   : 0.46324
amplitudeVal1 : 0.31138
amplitudeVal2 : 0.59376
AVG_AMP_VAL   : 0.59376
Label 1       : a
Label 2       : a
t1Start       : 0.00000
t1End         : 3.70000
t2Start       : 3.70000
t2End         : 3.82500
tAvgIndex     : 1.91250

