Iteration     : 1
CompLabel     : CT
averageVal1   : 1.29664
averageVal2   : 1.29664
AVG_MAG_VAL   : 1.29664
rmsVal1       : 9.80818
rmsVal2       : 9.80818
AVG_RMS_Val   : 9.80818
amplitudeVal1 : 11.78759
amplitudeVal2 : 11.78759
AVG_AMP_VAL   : 11.78759
Label 1       : pc
Label 2       : z
t1Start       : 0.00000
t1End         : 3.70000
t2Start       : 3.70000
t2End         : 3.82500
tAvgIndex     : 1.91250

