Iteration : 1
Average   : 2.05703
Max Val   : 2.05971
Min Val   : 2.05435
Start     : 0.00000
Finish    : 0.47500
Gradient  : 0.01128
Grad Label: cons  

Iteration : 2
Average   : 2.12553
Max Val   : 2.15521
Min Val   : 2.09586
Start     : 0.47500
Finish    : 3.32500
Gradient  : 0.02082
Grad Label: cons  

Iteration : 3
Average   : -0.77609
Max Val   : 2.19897
Min Val   : -3.75115
Start     : 3.32500
Finish    : 3.40000
Gradient  : -76.26985
Grad Label: nimp  

