Iteration : 1
Average   : -0.10864
Max Val   : -0.10070
Min Val   : -0.11658
Start     : 0.00000
Finish    : 3.32500
Gradient  : -0.00478
Grad Label: cons  

Iteration : 2
Average   : 0.13573
Max Val   : 0.38764
Min Val   : -0.11618
Start     : 3.32500
Finish    : 3.40000
Gradient  : 6.61915
Grad Label: bpos  

