Iteration     : 1
CompLabel     : FX
averageVal1   : -0.10931
averageVal2   : 0.14789
AVG_MAG_VAL   : 0.01929
rmsVal1       : -0.10087
rmsVal2       : -0.10087
AVG_RMS_Val   : 0.38978
amplitudeVal1 : 0.50753
amplitudeVal2 : 0.48379
AVG_AMP_VAL   : 0.50753
Label 1       : a
Label 2       : a
t1Start       : 0.00000
t1End         : 3.65000
t2Start       : 3.65000
t2End         : 3.73500
tAvgIndex     : 1.86750

