Iteration     : 1
CompLabel     : FX
averageVal1   : 3.13666
averageVal2   : 1.01673
AVG_MAG_VAL   : 2.07670
rmsVal1       : 2.21012
rmsVal2       : 2.21012
AVG_RMS_Val   : 2.60253
amplitudeVal1 : 4.67261
amplitudeVal2 : 4.67261
AVG_AMP_VAL   : 4.67261
Label 1       : a
Label 2       : a
t1Start       : 0.00000
t1End         : 3.62500
t2Start       : 3.62500
t2End         : 3.73500
tAvgIndex     : 1.86750

