Iteration     : 1
CompLabel     : CT
averageVal1   : -0.45120
averageVal2   : -0.45120
AVG_MAG_VAL   : -0.45120
rmsVal1       : 10.19320
rmsVal2       : 10.19320
AVG_RMS_Val   : 10.19320
amplitudeVal1 : 13.00818
amplitudeVal2 : 13.00818
AVG_AMP_VAL   : 13.00818
Label 1       : pc
Label 2       : z
t1Start       : 0.00000
t1End         : 3.62500
t2Start       : 3.62500
t2End         : 3.73500
tAvgIndex     : 1.86750

