Iteration     : 1
CompLabel     : FX
averageVal1   : -0.00277
averageVal2   : -0.00277
AVG_MAG_VAL   : -0.00277
rmsVal1       : 0.01167
rmsVal2       : 0.01167
AVG_RMS_Val   : 0.01167
amplitudeVal1 : 0.02640
amplitudeVal2 : 0.02640
AVG_AMP_VAL   : 0.02640
Label 1       : k
Label 2       : k
t1Start       : 0.00000
t1End         : 3.73500
t2Start       : 0.00000
t2End         : 3.73500
tAvgIndex     : 1.86750

