Iteration     : 1
CompLabel     : FX
averageVal1   : 2.80158
averageVal2   : 2.94683
AVG_MAG_VAL   : 2.38939
rmsVal1       : 4.72816
rmsVal2       : 4.72816
AVG_RMS_Val   : 4.72816
amplitudeVal1 : 0.77534
amplitudeVal2 : 3.84866
AVG_AMP_VAL   : 3.84866
Label 1       : bpos
Label 2       : bpos
t1Start       : 0.00000
t1End         : 6.75000
t2Start       : 6.75000
t2End         : 6.95000
tAvgIndex     : 3.47500

