Iteration : 2
Average   : 0.13994
Max Val   : 0.27759
Min Val   : 0.00228
Start     : 3.72500
Finish    : 3.80000
Gradient  : 3.67080
Grad Label: mpos  

Iteration : 3
Average   : 0.16154
Max Val   : 0.24439
Min Val   : 0.07869
Start     : 3.80000
Finish    : 3.87500
Gradient  : -2.20932
Grad Label: sneg  

Iteration : 4
Average   : 0.27260
Max Val   : 0.52886
Min Val   : 0.01634
Start     : 3.87500
Finish    : 3.93500
Gradient  : 8.95764
Grad Label: pimp  

