Iteration     : 1
CompLabel     : FX
averageVal1   : -0.08980
averageVal2   : 4.48745
AVG_MAG_VAL   : 2.48069
rmsVal1       : 0.02712
rmsVal2       : 0.02712
AVG_RMS_Val   : 4.94592
amplitudeVal1 : 1.29111
amplitudeVal2 : 5.02427
AVG_AMP_VAL   : 5.02427
Label 1       : bpos
Label 2       : bpos
t1Start       : 0.00000
t1End         : 4.42500
t2Start       : 4.42500
t2End         : 6.47000
tAvgIndex     : 3.23500

