Iteration : 2
Average   : 0.11557
Max Val   : 0.23240
Min Val   : -0.00125
Start     : 3.62500
Finish    : 3.72500
Gradient  : 2.48767
Grad Label: mpos  

