Iteration : 2
Average   : -0.00894
Max Val   : -0.00005
Min Val   : -0.01783
Start     : 3.02500
Finish    : 3.67500
Gradient  : -0.02736
Grad Label: cons  

Iteration : 3
Average   : -0.03097
Max Val   : -0.02952
Min Val   : -0.03243
Start     : 3.67500
Finish    : 3.70000
Gradient  : -0.11631
Grad Label: sneg  

Iteration : 4
Average   : -0.03355
Max Val   : -0.03062
Min Val   : -0.03648
Start     : 3.70000
Finish    : 3.72500
Gradient  : 0.25231
Grad Label: spos  

