Iteration : 2
Average   : 0.13154
Max Val   : 0.38158
Min Val   : -0.11850
Start     : 3.62500
Finish    : 3.72500
Gradient  : 5.15878
Grad Label: bpos  

