Iteration : 2
Average   : -1.70130
Max Val   : -1.58843
Min Val   : -1.81417
Start     : 0.15000
Finish    : 3.10000
Gradient  : -0.07653
Grad Label: cons  

Iteration : 3
Average   : -1.68376
Max Val   : -1.52095
Min Val   : -1.84657
Start     : 3.10000
Finish    : 3.62500
Gradient  : 0.62023
Grad Label: cons  

Iteration : 4
Average   : 4.02000
Max Val   : 9.73993
Min Val   : -1.69992
Start     : 3.62500
Finish    : 3.72500
Gradient  : 119.29165
Grad Label: pimp  

