Iteration : 2
Average   : 2.06160
Max Val   : 2.06227
Min Val   : 2.06093
Start     : 0.15000
Finish    : 0.45000
Gradient  : 0.00445
Grad Label: cons  

Iteration : 3
Average   : 2.14033
Max Val   : 2.19898
Min Val   : 2.08168
Start     : 0.45000
Finish    : 3.62500
Gradient  : 0.03694
Grad Label: cons  

Iteration : 4
Average   : -0.13894
Max Val   : 2.20199
Min Val   : -2.47987
Start     : 3.62500
Finish    : 3.72500
Gradient  : -47.74151
Grad Label: bneg  

