Iteration     : 1
CompLabel     : FX
averageVal1   : 3.14573
averageVal2   : 2.54451
AVG_MAG_VAL   : 2.21450
rmsVal1       : 2.19202
rmsVal2       : 2.19202
AVG_RMS_Val   : 3.79181
amplitudeVal1 : 2.09905
amplitudeVal2 : 4.01143
AVG_AMP_VAL   : 4.01143
Label 1       : a
Label 2       : a
t1Start       : 0.00000
t1End         : 3.65000
t2Start       : 3.65000
t2End         : 4.38000
tAvgIndex     : 2.19000

