Iteration : 2
Average   : -0.05129
Max Val   : -0.01445
Min Val   : -0.08813
Start     : 3.32500
Finish    : 3.37500
Gradient  : -1.47357
Grad Label: sneg  

Iteration : 3
Average   : -0.06470
Max Val   : -0.01203
Min Val   : -0.11738
Start     : 3.37500
Finish    : 3.42000
Gradient  : 2.54583
Grad Label: mpos  

