Iteration : 2
Average   : 2.13405
Max Val   : 2.19290
Min Val   : 2.07520
Start     : 0.47500
Finish    : 3.32500
Gradient  : 0.04130
Grad Label: cons  

Iteration : 3
Average   : -0.66173
Max Val   : 2.19842
Min Val   : -3.52188
Start     : 3.32500
Finish    : 3.42000
Gradient  : -68.37265
Grad Label: bneg  

