Iteration : 2
Average   : 0.13710
Max Val   : 0.39049
Min Val   : -0.11629
Start     : 3.32500
Finish    : 3.42000
Gradient  : 5.88419
Grad Label: bpos  

