Iteration : 2
Average   : 0.00374
Max Val   : 0.00652
Min Val   : 0.00096
Start     : 3.32500
Finish    : 3.37500
Gradient  : 0.11122
Grad Label: spos  

Iteration : 3
Average   : 0.00964
Max Val   : 0.01688
Min Val   : 0.00239
Start     : 3.37500
Finish    : 3.42000
Gradient  : 0.15888
Grad Label: spos  

