Iteration : 2
Average   : -1.70118
Max Val   : -1.58387
Min Val   : -1.81849
Start     : 0.32500
Finish    : 3.07500
Gradient  : -0.08531
Grad Label: cons  

Iteration : 3
Average   : -1.64633
Max Val   : -1.28637
Min Val   : -2.00629
Start     : 3.07500
Finish    : 3.32500
Gradient  : 2.87969
Grad Label: spos  

Iteration : 4
Average   : 4.47475
Max Val   : 10.68820
Min Val   : -1.73870
Start     : 3.32500
Finish    : 3.42000
Gradient  : 141.28126
Grad Label: pimp  

