Iteration : 2
Average   : -0.09127
Max Val   : -0.08081
Min Val   : -0.10173
Start     : 1.52500
Finish    : 2.87500
Gradient  : -0.01549
Grad Label: cons  

Iteration : 3
Average   : -0.08549
Max Val   : -0.04753
Min Val   : -0.12345
Start     : 2.87500
Finish    : 3.32500
Gradient  : 0.16872
Grad Label: cons  

Iteration : 4
Average   : 0.73541
Max Val   : 1.56997
Min Val   : -0.09915
Start     : 3.32500
Finish    : 3.42000
Gradient  : 14.22379
Grad Label: spos  

