Iteration : 2
Average   : -0.07196
Max Val   : -0.03342
Min Val   : -0.11049
Start     : 3.32500
Finish    : 3.37500
Gradient  : -1.54129
Grad Label: sneg  

Iteration : 3
Average   : -0.12240
Max Val   : -0.09989
Min Val   : -0.14492
Start     : 3.37500
Finish    : 3.40000
Gradient  : 1.80110
Grad Label: spos  

Iteration : 4
Average   : -0.02412
Max Val   : 0.08377
Min Val   : -0.13201
Start     : 3.40000
Finish    : 3.45500
Gradient  : 4.13408
Grad Label: mpos  

