Iteration : 2
Average   : 0.04057
Max Val   : 0.08150
Min Val   : -0.00037
Start     : 3.32500
Finish    : 3.45500
Gradient  : 0.59462
Grad Label: spos  

