Iteration     : 1
CompLabel     : a
averageVal1   : 0.37815
averageVal2   : 1.06294
AVG_MAG_VAL   : 0.72721
rmsVal1       : 0.42532
rmsVal2       : 1.14695
AVG_RMS_Val   : 0.63119
amplitudeVal1 : 0.23929
amplitudeVal2 : 0.65858
AVG_AMP_VAL   : 0.31908
Label 1       : bpos
Label 2       : bpos
t1Start       : 0.00000
t1End         : 9.62500
t2Start       : 9.62500
t2End         : 10.07000
tAvgIndex     : 5.03500

