Iteration     : 1
CompLabel     : a
averageVal1   : 0.27597
averageVal2   : 0.86265
AVG_MAG_VAL   : 0.81245
rmsVal1       : 0.27597
rmsVal2       : 0.86423
AVG_RMS_Val   : 0.72674
amplitudeVal1 : 0.23680
amplitudeVal2 : 0.16733
AVG_AMP_VAL   : 0.25867
Label 1       : bpos
Label 2       : bpos
t1Start       : 0.00000
t1End         : 9.65000
t2Start       : 9.65000
t2End         : 10.76000
tAvgIndex     : 5.38000

