Iteration     : 1
CompLabel     : FX
averageVal1   : 0.00107
averageVal2   : 0.00107
AVG_MAG_VAL   : 0.00107
rmsVal1       : 0.01621
rmsVal2       : 0.01621
AVG_RMS_Val   : 0.01621
amplitudeVal1 : 0.02887
amplitudeVal2 : 0.02887
AVG_AMP_VAL   : 0.02887
Label 1       : k
Label 2       : k
t1Start       : 0.00000
t1End         : 3.60500
t2Start       : 0.00000
t2End         : 3.60500
tAvgIndex     : 1.80250

