Iteration     : 1
CompLabel     : FX
averageVal1   : -0.10980
averageVal2   : 0.11508
AVG_MAG_VAL   : 0.00264
rmsVal1       : -0.09990
rmsVal2       : -0.09990
AVG_RMS_Val   : 0.34881
amplitudeVal1 : 0.46850
amplitudeVal2 : 0.46746
AVG_AMP_VAL   : 0.46850
Label 1       : a
Label 2       : a
t1Start       : 0.00000
t1End         : 3.50000
t2Start       : 3.50000
t2End         : 3.60500
tAvgIndex     : 1.80250

