Iteration     : 1
CompLabel     : CT
averageVal1   : 1.13237
averageVal2   : 1.13237
AVG_MAG_VAL   : 1.13237
rmsVal1       : 9.50462
rmsVal2       : 9.50462
AVG_RMS_Val   : 9.50462
amplitudeVal1 : 11.44021
amplitudeVal2 : 11.44021
AVG_AMP_VAL   : 11.44021
Label 1       : pc
Label 2       : z
t1Start       : 0.00000
t1End         : 3.50000
t2Start       : 3.50000
t2End         : 3.60500
tAvgIndex     : 1.80250

