Iteration : 2
Average   : 0.00112
Max Val   : 0.00119
Min Val   : 0.00106
Start     : 4.00000
Finish    : 4.49500
Gradient  : -0.00025
Grad Label: cons  

