Iteration : 2
Average   : -0.11147
Max Val   : -0.10297
Min Val   : -0.11997
Start     : 0.52500
Finish    : 3.25000
Gradient  : -0.00624
Grad Label: cons  

Iteration : 3
Average   : -0.11665
Max Val   : -0.11648
Min Val   : -0.11682
Start     : 3.25000
Finish    : 4.49500
Gradient  : -0.00029
Grad Label: cons  

