Iteration : 1
Average   : 0.00010
Max Val   : 0.00081
Min Val   : -0.00061
Start     : 0.00000
Finish    : 4.49500
Gradient  : -0.00029
Grad Label: cons  

