Iteration : 2
Average   : -0.08195
Max Val   : -0.07388
Min Val   : -0.09002
Start     : 0.15000
Finish    : 1.42500
Gradient  : 0.01266
Grad Label: cons  

Iteration : 3
Average   : -0.09246
Max Val   : -0.08068
Min Val   : -0.10424
Start     : 1.42500
Finish    : 3.25000
Gradient  : -0.01291
Grad Label: cons  

Iteration : 4
Average   : -0.10271
Max Val   : -0.09963
Min Val   : -0.10579
Start     : 3.25000
Finish    : 4.49500
Gradient  : -0.00531
Grad Label: cons  

