Iteration : 2
Average   : -1.69894
Max Val   : -1.64949
Min Val   : -1.74840
Start     : 3.15000
Finish    : 4.49500
Gradient  : 0.07749
Grad Label: cons  

