Iteration : 2
Average   : 2.06350
Max Val   : 2.06848
Min Val   : 2.05853
Start     : 0.15000
Finish    : 0.32500
Gradient  : -0.05687
Grad Label: cons  

Iteration : 3
Average   : 2.17073
Max Val   : 2.28266
Min Val   : 2.05881
Start     : 0.32500
Finish    : 4.49500
Gradient  : 0.05406
Grad Label: cons  

