Iteration : 2
Average   : 0.00691
Max Val   : 0.03561
Min Val   : -0.02178
Start     : 3.20000
Finish    : 3.22500
Gradient  : 2.29548
Grad Label: spos  

Iteration : 3
Average   : 0.10146
Max Val   : 0.19013
Min Val   : 0.01279
Start     : 3.22500
Finish    : 3.28000
Gradient  : 3.07769
Grad Label: mpos  

