Iteration : 2
Average   : -0.00237
Max Val   : -0.00185
Min Val   : -0.00290
Start     : 2.85000
Finish    : 3.22500
Gradient  : 0.00279
Grad Label: cons  

Iteration : 3
Average   : 0.03754
Max Val   : 0.07761
Min Val   : -0.00254
Start     : 3.22500
Finish    : 3.28000
Gradient  : 1.38788
Grad Label: spos  

