Iteration : 2
Average   : -0.11193
Max Val   : -0.10364
Min Val   : -0.12022
Start     : 0.67500
Finish    : 3.20000
Gradient  : -0.00656
Grad Label: cons  

Iteration : 3
Average   : -0.10282
Max Val   : -0.02487
Min Val   : -0.18076
Start     : 3.20000
Finish    : 3.22500
Gradient  : 6.23565
Grad Label: bpos  

Iteration : 4
Average   : 0.17790
Max Val   : 0.44137
Min Val   : -0.08557
Start     : 3.22500
Finish    : 3.28000
Gradient  : 9.16869
Grad Label: pimp  

