Iteration     : 1
CompLabel     : FX
averageVal1   : -2.46612
averageVal2   : -2.46612
AVG_MAG_VAL   : -2.46612
rmsVal1       : -1.52581
rmsVal2       : -1.52581
AVG_RMS_Val   : -1.52581
amplitudeVal1 : 0.28531
amplitudeVal2 : 0.28531
AVG_AMP_VAL   : 0.28531
Label 1       : k
Label 2       : k
t1Start       : 0.00000
t1End         : 4.49500
t2Start       : 0.00000
t2End         : 4.49500
tAvgIndex     : 2.24750

