Iteration     : 1
CompLabel     : FX
averageVal1   : 3.14937
averageVal2   : 3.14937
AVG_MAG_VAL   : 3.14937
rmsVal1       : 2.24902
rmsVal2       : 2.24902
AVG_RMS_Val   : 2.24902
amplitudeVal1 : 0.18736
amplitudeVal2 : 0.18736
AVG_AMP_VAL   : 0.18736
Label 1       : k
Label 2       : k
t1Start       : 0.00000
t1End         : 4.49500
t2Start       : 0.00000
t2End         : 4.49500
tAvgIndex     : 2.24750

