Iteration     : 1
CompLabel     : FX
averageVal1   : -0.00712
averageVal2   : -0.00712
AVG_MAG_VAL   : -0.00712
rmsVal1       : 0.00464
rmsVal2       : 0.00464
AVG_RMS_Val   : 0.00464
amplitudeVal1 : 0.03672
amplitudeVal2 : 0.03672
AVG_AMP_VAL   : 0.03672
Label 1       : k
Label 2       : k
t1Start       : 0.00000
t1End         : 4.49500
t2Start       : 0.00000
t2End         : 4.49500
tAvgIndex     : 2.24750

