Iteration     : 1
CompLabel     : FX
averageVal1   : -0.06995
averageVal2   : -0.06995
AVG_MAG_VAL   : -0.06995
rmsVal1       : 0.03043
rmsVal2       : 0.03043
AVG_RMS_Val   : 0.03043
amplitudeVal1 : 0.12952
amplitudeVal2 : 0.12952
AVG_AMP_VAL   : 0.12952
Label 1       : k
Label 2       : k
t1Start       : 0.00000
t1End         : 4.49500
t2Start       : 0.00000
t2End         : 4.49500
tAvgIndex     : 2.24750

