Iteration     : 1
CompLabel     : a
averageVal1   : 0.37244
averageVal2   : 0.84423
AVG_MAG_VAL   : 0.70887
rmsVal1       : 0.38433
rmsVal2       : 0.84423
AVG_RMS_Val   : 0.69237
amplitudeVal1 : 0.26339
amplitudeVal2 : 0.35895
AVG_AMP_VAL   : 0.51088
Label 1       : bpos
Label 2       : bpos
t1Start       : 0.00000
t1End         : 8.95000
t2Start       : 8.95000
t2End         : 9.87500
tAvgIndex     : 4.93750

Iteration     : 2
CompLabel     : d
averageVal1   : 1.06509
averageVal2   : 1.06509
AVG_MAG_VAL   : 1.06509
rmsVal1       : 1.19491
rmsVal2       : 1.19491
AVG_RMS_Val   : 0.84493
amplitudeVal1 : 2.21355
amplitudeVal2 : 2.21355
AVG_AMP_VAL   : 2.21355
Label 1       : spos
Label 2       : spos
t1Start       : 9.87500
t1End         : 10.06500
t2Start       : 9.87500
t2End         : 10.06500
tAvgIndex     : 9.97000

