Iteration     : 1
CompLabel     : FX
averageVal1   : -0.10910
averageVal2   : 0.11984
AVG_MAG_VAL   : 0.00537
rmsVal1       : -0.09922
rmsVal2       : -0.09922
AVG_RMS_Val   : 0.35570
amplitudeVal1 : 0.47467
amplitudeVal2 : 0.47172
AVG_AMP_VAL   : 0.47467
Label 1       : a
Label 2       : a
t1Start       : 0.00000
t1End         : 3.32500
t2Start       : 3.32500
t2End         : 3.44500
tAvgIndex     : 1.72250

