Iteration : 1
Average   : -0.10911
Max Val   : -0.09907
Min Val   : -0.11915
Start     : 0.00000
Finish    : 3.32500
Gradient  : -0.00604
Grad Label: cons  

Iteration : 2
Average   : 0.16294
Max Val   : 0.44203
Min Val   : -0.11614
Start     : 3.32500
Finish    : 3.41500
Gradient  : 6.43800
Grad Label: bpos  

