Iteration : 1
Average   : 2.05457
Max Val   : 2.05728
Min Val   : 2.05186
Start     : 0.00000
Finish    : 0.47500
Gradient  : 0.01143
Grad Label: cons  

Iteration : 2
Average   : 2.13342
Max Val   : 2.18992
Min Val   : 2.07692
Start     : 0.47500
Finish    : 3.32500
Gradient  : 0.03965
Grad Label: cons  

Iteration : 3
Average   : -1.30207
Max Val   : 2.19838
Min Val   : -4.80252
Start     : 3.32500
Finish    : 3.41500
Gradient  : -77.53478
Grad Label: nimp  

