Iteration : 1
Average   : 0.00024
Max Val   : 0.00099
Min Val   : -0.00050
Start     : 0.00000
Finish    : 3.32500
Gradient  : -0.00045
Grad Label: cons  

Iteration : 2
Average   : -0.03483
Max Val   : -0.01522
Min Val   : -0.05445
Start     : 3.32500
Finish    : 3.37500
Gradient  : -0.78462
Grad Label: sneg  

Iteration : 3
Average   : -0.03887
Max Val   : -0.00439
Min Val   : -0.07336
Start     : 3.37500
Finish    : 3.41500
Gradient  : 0.95072
Grad Label: spos  

