Iteration     : 1
CompLabel     : FX
averageVal1   : 2.09263
averageVal2   : 1.00536
AVG_MAG_VAL   : 1.01999
rmsVal1       : 2.17420
rmsVal2       : 2.17420
AVG_RMS_Val   : 2.52256
amplitudeVal1 : 0.94899
amplitudeVal2 : 1.86021
AVG_AMP_VAL   : 1.86021
Label 1       : a
Label 2       : a
t1Start       : 0.00000
t1End         : 4.30000
t2Start       : 4.30000
t2End         : 4.50000
tAvgIndex     : 2.25000

