Iteration     : 1
CompLabel     : FX
averageVal1   : -0.10873
averageVal2   : 0.07583
AVG_MAG_VAL   : -0.05130
rmsVal1       : -0.10003
rmsVal2       : -0.10003
AVG_RMS_Val   : 0.21140
amplitudeVal1 : 0.11345
amplitudeVal2 : 0.27115
AVG_AMP_VAL   : 0.34592
Label 1       : a
Label 2       : a
t1Start       : 0.00000
t1End         : 3.37500
t2Start       : 3.37500
t2End         : 4.50000
tAvgIndex     : 2.25000

