Iteration     : 1
CompLabel     : CT
averageVal1   : 0.84722
averageVal2   : 0.84722
AVG_MAG_VAL   : 0.84722
rmsVal1       : 2.29112
rmsVal2       : 2.29112
AVG_RMS_Val   : 2.29112
amplitudeVal1 : 5.40781
amplitudeVal2 : 5.40781
AVG_AMP_VAL   : 5.40781
Label 1       : nc
Label 2       : z
t1Start       : 0.00000
t1End         : 3.77500
t2Start       : 3.77500
t2End         : 3.84500
tAvgIndex     : 1.92250

