Iteration     : 1
CompLabel     : CT
averageVal1   : 0.05972
averageVal2   : 0.05972
AVG_MAG_VAL   : 0.05972
rmsVal1       : 0.57802
rmsVal2       : 0.57802
AVG_RMS_Val   : 0.57802
amplitudeVal1 : 0.69765
amplitudeVal2 : 0.69765
AVG_AMP_VAL   : 0.69765
Label 1       : pc
Label 2       : z
t1Start       : 0.00000
t1End         : 3.77500
t2Start       : 3.77500
t2End         : 3.84500
tAvgIndex     : 1.92250

