Iteration     : 1
CompLabel     : CT
averageVal1   : 1.00500
averageVal2   : 1.00500
AVG_MAG_VAL   : 1.00500
rmsVal1       : 10.63110
rmsVal2       : 10.63110
AVG_RMS_Val   : 10.63110
amplitudeVal1 : 12.47215
amplitudeVal2 : 12.47215
AVG_AMP_VAL   : 12.47215
Label 1       : pc
Label 2       : z
t1Start       : 0.00000
t1End         : 3.77500
t2Start       : 3.77500
t2End         : 3.84500
tAvgIndex     : 1.92250

