Iteration     : 1
CompLabel     : FX
averageVal1   : -0.10917
averageVal2   : 0.26933
AVG_MAG_VAL   : 0.08008
rmsVal1       : -0.10010
rmsVal2       : -0.10010
AVG_RMS_Val   : 0.44022
amplitudeVal1 : 0.40940
amplitudeVal2 : 0.34590
AVG_AMP_VAL   : 0.40940
Label 1       : a
Label 2       : a
t1Start       : 0.00000
t1End         : 3.47500
t2Start       : 3.47500
t2End         : 3.62000
tAvgIndex     : 1.81000

