Iteration     : 1
CompLabel     : FX
averageVal1   : 0.00643
averageVal2   : 0.00643
AVG_MAG_VAL   : 0.00643
rmsVal1       : 0.01896
rmsVal2       : 0.01896
AVG_RMS_Val   : 0.01896
amplitudeVal1 : 0.02807
amplitudeVal2 : 0.02807
AVG_AMP_VAL   : 0.02807
Label 1       : k
Label 2       : k
t1Start       : 0.00000
t1End         : 3.62000
t2Start       : 0.00000
t2End         : 3.62000
tAvgIndex     : 1.81000

