Iteration     : 1
CompLabel     : FX
averageVal1   : 2.09188
averageVal2   : -1.99486
AVG_MAG_VAL   : 0.04851
rmsVal1       : 2.16844
rmsVal2       : 2.16844
AVG_RMS_Val   : 2.16844
amplitudeVal1 : 4.41829
amplitudeVal2 : 3.69773
AVG_AMP_VAL   : 4.41829
Label 1       : a
Label 2       : a
t1Start       : 0.00000
t1End         : 3.47500
t2Start       : 3.47500
t2End         : 3.62000
tAvgIndex     : 1.81000

