Iteration     : 1
CompLabel     : FX
averageVal1   : -0.12712
averageVal2   : 1.45439
AVG_MAG_VAL   : 0.57514
rmsVal1       : -0.02340
rmsVal2       : -0.02340
AVG_RMS_Val   : 2.78556
amplitudeVal1 : 0.59060
amplitudeVal2 : 2.58176
AVG_AMP_VAL   : 2.58176
Label 1       : bpos
Label 2       : bpos
t1Start       : 0.00000
t1End         : 5.90000
t2Start       : 5.90000
t2End         : 6.93000
tAvgIndex     : 3.46500

