Iteration     : 1
CompLabel     : FX
averageVal1   : 1.21640
averageVal2   : 1.08415
AVG_MAG_VAL   : 1.79968
rmsVal1       : 1.94540
rmsVal2       : 1.94540
AVG_RMS_Val   : 3.02451
amplitudeVal1 : 2.31960
amplitudeVal2 : 2.02438
AVG_AMP_VAL   : 2.31960
Label 1       : a
Label 2       : a
t1Start       : 0.00000
t1End         : 4.20000
t2Start       : 4.20000
t2End         : 4.50500
tAvgIndex     : 2.25250

