Iteration     : 1
CompLabel     : FX
averageVal1   : -0.05848
averageVal2   : 0.14332
AVG_MAG_VAL   : -0.05280
rmsVal1       : -0.02342
rmsVal2       : -0.02342
AVG_RMS_Val   : 0.25449
amplitudeVal1 : 0.09687
amplitudeVal2 : 0.31675
AVG_AMP_VAL   : 0.34886
Label 1       : a
Label 2       : a
t1Start       : 0.00000
t1End         : 0.15000
t2Start       : 0.15000
t2End         : 4.50500
tAvgIndex     : 2.25250

