Iteration     : 1
CompLabel     : FX
averageVal1   : -0.11292
averageVal2   : 0.40524
AVG_MAG_VAL   : 0.06141
rmsVal1       : -0.09957
rmsVal2       : -0.09957
AVG_RMS_Val   : 0.44134
amplitudeVal1 : 0.56192
amplitudeVal2 : 0.00740
AVG_AMP_VAL   : 0.59743
Label 1       : a
Label 2       : a
t1Start       : 0.00000
t1End         : 4.27500
t2Start       : 4.27500
t2End         : 4.50000
tAvgIndex     : 2.25000

