Iteration     : 1
CompLabel     : FX
averageVal1   : -0.00006
averageVal2   : 0.13792
AVG_MAG_VAL   : 0.06941
rmsVal1       : 0.00134
rmsVal2       : 0.00134
AVG_RMS_Val   : 0.31121
amplitudeVal1 : 0.11590
amplitudeVal2 : 0.23541
AVG_AMP_VAL   : 0.23541
Label 1       : a
Label 2       : a
t1Start       : 0.00000
t1End         : 3.95000
t2Start       : 3.95000
t2End         : 4.20500
tAvgIndex     : 2.10250

