Iteration     : 1
CompLabel     : FX
averageVal1   : 2.64230
averageVal2   : 2.21343
AVG_MAG_VAL   : 1.82766
rmsVal1       : 2.23747
rmsVal2       : 2.23747
AVG_RMS_Val   : 3.85241
amplitudeVal1 : 2.65397
amplitudeVal2 : 4.50526
AVG_AMP_VAL   : 4.50526
Label 1       : a
Label 2       : a
t1Start       : 0.00000
t1End         : 4.02500
t2Start       : 4.02500
t2End         : 4.20500
tAvgIndex     : 2.10250

