Iteration     : 1
CompLabel     : FX
averageVal1   : -2.46135
averageVal2   : -2.46135
AVG_MAG_VAL   : -2.46135
rmsVal1       : -1.49941
rmsVal2       : -1.49941
AVG_RMS_Val   : -1.49941
amplitudeVal1 : 0.31544
amplitudeVal2 : 0.31544
AVG_AMP_VAL   : 0.31544
Label 1       : k
Label 2       : k
t1Start       : 0.00000
t1End         : 4.49500
t2Start       : 0.00000
t2End         : 4.49500
tAvgIndex     : 2.24750

