Iteration     : 1
CompLabel     : FX
averageVal1   : 3.14987
averageVal2   : 3.14987
AVG_MAG_VAL   : 3.14987
rmsVal1       : 2.27803
rmsVal2       : 2.27803
AVG_RMS_Val   : 2.27803
amplitudeVal1 : 0.22135
amplitudeVal2 : 0.22135
AVG_AMP_VAL   : 0.22135
Label 1       : k
Label 2       : k
t1Start       : 0.00000
t1End         : 4.49500
t2Start       : 0.00000
t2End         : 4.49500
tAvgIndex     : 2.24750

