Iteration     : 1
CompLabel     : FX
averageVal1   : -0.00086
averageVal2   : -0.00086
AVG_MAG_VAL   : -0.00086
rmsVal1       : 0.00090
rmsVal2       : 0.00090
AVG_RMS_Val   : 0.00090
amplitudeVal1 : 0.00329
amplitudeVal2 : 0.00329
AVG_AMP_VAL   : 0.00329
Label 1       : k
Label 2       : k
t1Start       : 0.00000
t1End         : 4.49500
t2Start       : 0.00000
t2End         : 4.49500
tAvgIndex     : 2.24750

