Iteration     : 1
CompLabel     : FX
averageVal1   : -0.11557
averageVal2   : -0.11557
AVG_MAG_VAL   : -0.11557
rmsVal1       : -0.10028
rmsVal2       : -0.10028
AVG_RMS_Val   : -0.10028
amplitudeVal1 : 0.02277
amplitudeVal2 : 0.02277
AVG_AMP_VAL   : 0.02277
Label 1       : k
Label 2       : k
t1Start       : 0.00000
t1End         : 4.49500
t2Start       : 0.00000
t2End         : 4.49500
tAvgIndex     : 2.24750

