Iteration     : 1
CompLabel     : FX
averageVal1   : -0.00178
averageVal2   : -0.00178
AVG_MAG_VAL   : -0.00178
rmsVal1       : 0.00466
rmsVal2       : 0.00466
AVG_RMS_Val   : 0.00466
amplitudeVal1 : 0.01551
amplitudeVal2 : 0.01551
AVG_AMP_VAL   : 0.01551
Label 1       : k
Label 2       : k
t1Start       : 0.00000
t1End         : 4.49500
t2Start       : 0.00000
t2End         : 4.49500
tAvgIndex     : 2.24750

