Iteration : 2
Average   : -0.15051
Max Val   : -0.00127
Min Val   : -0.29974
Start     : 3.85000
Finish    : 3.92000
Gradient  : -3.36816
Grad Label: mneg  

