Iteration : 2
Average   : -0.11273
Max Val   : -0.10437
Min Val   : -0.12109
Start     : 0.65000
Finish    : 3.57500
Gradient  : -0.00572
Grad Label: cons  

Iteration : 3
Average   : -0.10623
Max Val   : -0.06268
Min Val   : -0.14979
Start     : 3.57500
Finish    : 3.85000
Gradient  : 0.31675
Grad Label: spos  

Iteration : 4
Average   : 0.23857
Max Val   : 0.59723
Min Val   : -0.12009
Start     : 3.85000
Finish    : 3.92000
Gradient  : 9.78504
Grad Label: pimp  

