Iteration : 2
Average   : -0.00560
Max Val   : 0.00081
Min Val   : -0.01201
Start     : 3.40000
Finish    : 3.85000
Gradient  : -0.02849
Grad Label: cons  

Iteration : 3
Average   : -0.07693
Max Val   : -0.00603
Min Val   : -0.14783
Start     : 3.85000
Finish    : 3.92000
Gradient  : -2.02134
Grad Label: sneg  

