Iteration : 2
Average   : 2.06000
Max Val   : 2.06223
Min Val   : 2.05778
Start     : 0.15000
Finish    : 0.37500
Gradient  : -0.01975
Grad Label: cons  

Iteration : 3
Average   : 2.14598
Max Val   : 2.21641
Min Val   : 2.07555
Start     : 0.37500
Finish    : 3.85000
Gradient  : 0.04053
Grad Label: cons  

Iteration : 4
Average   : -0.44806
Max Val   : 2.29821
Min Val   : -3.19433
Start     : 3.85000
Finish    : 3.92000
Gradient  : -75.90167
Grad Label: nimp  

