Iteration : 2
Average   : -1.69670
Max Val   : -1.57912
Min Val   : -1.81428
Start     : 0.15000
Finish    : 3.07500
Gradient  : -0.08040
Grad Label: cons  

Iteration : 3
Average   : -1.60494
Max Val   : -1.24853
Min Val   : -1.96135
Start     : 3.07500
Finish    : 3.85000
Gradient  : 0.91977
Grad Label: cons  

Iteration : 4
Average   : 4.25577
Max Val   : 10.17550
Min Val   : -1.66396
Start     : 3.85000
Finish    : 3.92000
Gradient  : 160.80129
Grad Label: pimp  

