Iteration : 2
Average   : -0.19567
Max Val   : 0.00030
Min Val   : -0.39164
Start     : 3.80000
Finish    : 3.86000
Gradient  : -6.50885
Grad Label: bneg  

