Iteration : 2
Average   : 2.06176
Max Val   : 2.06396
Min Val   : 2.05956
Start     : 0.15000
Finish    : 0.37500
Gradient  : -0.01957
Grad Label: cons  

Iteration : 3
Average   : 2.14393
Max Val   : 2.21018
Min Val   : 2.07769
Start     : 0.37500
Finish    : 3.80000
Gradient  : 0.03868
Grad Label: cons  

Iteration : 4
Average   : -0.82554
Max Val   : 2.27945
Min Val   : -3.93053
Start     : 3.80000
Finish    : 3.86000
Gradient  : -106.64332
Grad Label: nimp  

