Iteration : 2
Average   : -1.69870
Max Val   : -1.58437
Min Val   : -1.81302
Start     : 0.15000
Finish    : 3.07500
Gradient  : -0.07817
Grad Label: cons  

Iteration : 3
Average   : -1.60255
Max Val   : -1.24187
Min Val   : -1.96324
Start     : 3.07500
Finish    : 3.80000
Gradient  : 0.99500
Grad Label: cons  

Iteration : 4
Average   : 4.73313
Max Val   : 11.12880
Min Val   : -1.66254
Start     : 3.80000
Finish    : 3.86000
Gradient  : 214.92422
Grad Label: pimp  

