Iteration : 2
Average   : -0.00766
Max Val   : -0.00046
Min Val   : -0.01487
Start     : 3.07500
Finish    : 3.80000
Gradient  : -0.01988
Grad Label: cons  

Iteration : 3
Average   : -0.06354
Max Val   : 0.00032
Min Val   : -0.12739
Start     : 3.80000
Finish    : 3.86000
Gradient  : -2.05979
Grad Label: sneg  

