Iteration : 2
Average   : -0.11204
Max Val   : -0.10782
Min Val   : -0.11626
Start     : 0.67500
Finish    : 3.80000
Gradient  : -0.00270
Grad Label: cons  

Iteration : 3
Average   : 0.25439
Max Val   : 0.62970
Min Val   : -0.12092
Start     : 3.80000
Finish    : 3.86000
Gradient  : 12.62857
Grad Label: pimp  

