Iteration : 1
Average   : 0.00299
Max Val   : 0.00470
Min Val   : 0.00128
Start     : 0.00000
Finish    : 2.90000
Gradient  : -0.00118
Grad Label: cons  

Iteration : 2
Average   : 0.00156
Max Val   : 0.00213
Min Val   : 0.00099
Start     : 2.90000
Finish    : 3.57500
Gradient  : -0.00170
Grad Label: cons  

