Iteration : 2
Average   : -1.69896
Max Val   : -1.58214
Min Val   : -1.81578
Start     : 0.32500
Finish    : 3.02500
Gradient  : -0.08653
Grad Label: cons  

Iteration : 3
Average   : -1.66597
Max Val   : -1.50832
Min Val   : -1.82362
Start     : 3.02500
Finish    : 3.87500
Gradient  : 0.37093
Grad Label: cons  

Iteration : 4
Average   : 4.20542
Max Val   : 10.06110
Min Val   : -1.65025
Start     : 3.87500
Finish    : 3.96000
Gradient  : 150.48907
Grad Label: pimp  

