Iteration : 2
Average   : -0.00930
Max Val   : 0.00237
Min Val   : -0.02096
Start     : 3.20000
Finish    : 3.90000
Gradient  : -0.03333
Grad Label: cons  

Iteration : 3
Average   : -0.07135
Max Val   : -0.04029
Min Val   : -0.10241
Start     : 3.90000
Finish    : 3.92500
Gradient  : -2.48470
Grad Label: mneg  

Iteration : 4
Average   : -0.15304
Max Val   : -0.13237
Min Val   : -0.17372
Start     : 3.92500
Finish    : 3.96000
Gradient  : -0.89831
Grad Label: sneg  

