Iteration : 2
Average   : 0.24620
Max Val   : 0.61381
Min Val   : -0.12140
Start     : 3.87500
Finish    : 3.96000
Gradient  : 9.39629
Grad Label: pimp  

