Iteration : 2
Average   : 2.15693
Max Val   : 2.25170
Min Val   : 2.06217
Start     : 0.47500
Finish    : 3.87500
Gradient  : 0.05574
Grad Label: cons  

Iteration : 3
Average   : -0.69787
Max Val   : 2.30335
Min Val   : -3.69909
Start     : 3.87500
Finish    : 3.96000
Gradient  : -76.14574
Grad Label: nimp  

