Iteration : 2
Average   : -0.10924
Max Val   : 0.00274
Min Val   : -0.22122
Start     : 3.87500
Finish    : 3.92500
Gradient  : -4.47915
Grad Label: mneg  

Iteration : 3
Average   : -0.29287
Max Val   : -0.24772
Min Val   : -0.33801
Start     : 3.92500
Finish    : 3.96000
Gradient  : -2.09116
Grad Label: sneg  

