Iteration : 2
Average   : -0.08977
Max Val   : -0.08005
Min Val   : -0.09948
Start     : 1.52500
Finish    : 2.70000
Gradient  : -0.01653
Grad Label: cons  

Iteration : 3
Average   : -0.04391
Max Val   : 0.01895
Min Val   : -0.10677
Start     : 2.70000
Finish    : 3.87500
Gradient  : 0.10699
Grad Label: cons  

Iteration : 4
Average   : 2.17634
Max Val   : 4.37285
Min Val   : -0.02018
Start     : 3.87500
Finish    : 3.96000
Gradient  : 58.70918
Grad Label: bpos  

