Iteration : 1
Average   : -0.96316
Max Val   : -0.41150
Min Val   : -1.51483
Start     : 0.00000
Finish    : 0.15000
Gradient  : -7.35553
Grad Label: sneg  

Iteration : 2
Average   : -1.51194
Max Val   : -1.46373
Min Val   : -1.56015
Start     : 0.15000
Finish    : 0.30000
Gradient  : -0.64277
Grad Label: cons  

Iteration : 3
Average   : -1.71832
Max Val   : -1.58199
Min Val   : -1.85465
Start     : 0.30000
Finish    : 3.12500
Gradient  : -0.09652
Grad Label: cons  

