Iteration     : 1
CompLabel     : a
averageVal1   : 0.00284
averageVal2   : 0.33388
AVG_MAG_VAL   : 0.04579
rmsVal1       : 0.00405
rmsVal2       : 0.00405
AVG_RMS_Val   : 0.43533
amplitudeVal1 : 0.00417
amplitudeVal2 : 0.01890
AVG_AMP_VAL   : 0.16049
Label 1       : bpos
Label 2       : bpos
t1Start       : 0.00000
t1End         : 3.32500
t2Start       : 3.32500
t2End         : 6.27500
tAvgIndex     : 3.13750

