Iteration : 2
Average   : -0.10273
Max Val   : -0.04380
Min Val   : -0.16167
Start     : 3.32500
Finish    : 3.35000
Gradient  : 4.71502
Grad Label: bpos  

Iteration : 3
Average   : 0.15945
Max Val   : 0.39791
Min Val   : -0.07900
Start     : 3.35000
Finish    : 3.42000
Gradient  : 6.85896
Grad Label: bpos  

