Iteration : 2
Average   : -0.01203
Max Val   : -0.00254
Min Val   : -0.02153
Start     : 3.32500
Finish    : 3.35000
Gradient  : -0.75958
Grad Label: sneg  

Iteration : 3
Average   : -0.03597
Max Val   : -0.00084
Min Val   : -0.07111
Start     : 3.35000
Finish    : 3.37500
Gradient  : 2.81079
Grad Label: mpos  

Iteration : 4
Average   : 0.03938
Max Val   : 0.08183
Min Val   : -0.00307
Start     : 3.37500
Finish    : 3.42000
Gradient  : 0.27042
Grad Label: spos  

