Iteration : 2
Average   : -1.70435
Max Val   : -1.59176
Min Val   : -1.81693
Start     : 0.32500
Finish    : 3.07500
Gradient  : -0.08188
Grad Label: cons  

Iteration : 3
Average   : -1.72834
Max Val   : -1.64056
Min Val   : -1.81612
Start     : 3.07500
Finish    : 3.32500
Gradient  : 0.70223
Grad Label: cons  

Iteration : 4
Average   : 4.34337
Max Val   : 10.42720
Min Val   : -1.74045
Start     : 3.32500
Finish    : 3.42000
Gradient  : 143.83667
Grad Label: pimp  

