Iteration : 2
Average   : 2.12612
Max Val   : 2.15949
Min Val   : 2.09275
Start     : 0.45000
Finish    : 3.35000
Gradient  : 0.02301
Grad Label: cons  

Iteration : 3
Average   : -0.92687
Max Val   : 2.15175
Min Val   : -4.00550
Start     : 3.35000
Finish    : 3.42000
Gradient  : -89.77020
Grad Label: nimp  

