Iteration : 2
Average   : 0.00432
Max Val   : 0.00645
Min Val   : 0.00219
Start     : 3.32500
Finish    : 3.35000
Gradient  : 0.17025
Grad Label: spos  

Iteration : 3
Average   : 0.01110
Max Val   : 0.01529
Min Val   : 0.00691
Start     : 3.35000
Finish    : 3.37500
Gradient  : 0.33496
Grad Label: spos  

Iteration : 4
Average   : 0.01675
Max Val   : 0.03571
Min Val   : -0.00221
Start     : 3.37500
Finish    : 3.42000
Gradient  : -0.17899
Grad Label: sneg  

