Iteration     : 1
CompLabel     : CT
averageVal1   : 0.85409
averageVal2   : 0.85409
AVG_MAG_VAL   : 0.85409
rmsVal1       : 2.28346
rmsVal2       : 2.28346
AVG_RMS_Val   : 2.28346
amplitudeVal1 : 5.35878
amplitudeVal2 : 5.35878
AVG_AMP_VAL   : 5.35878
Label 1       : nc
Label 2       : z
t1Start       : 0.00000
t1End         : 3.75000
t2Start       : 3.75000
t2End         : 3.82000
tAvgIndex     : 1.91000

