Iteration     : 1
CompLabel     : CT
averageVal1   : 0.97468
averageVal2   : 0.97468
AVG_MAG_VAL   : 0.97468
rmsVal1       : 10.54280
rmsVal2       : 10.54280
AVG_RMS_Val   : 10.54280
amplitudeVal1 : 12.39298
amplitudeVal2 : 12.39298
AVG_AMP_VAL   : 12.39298
Label 1       : pc
Label 2       : z
t1Start       : 0.00000
t1End         : 3.75000
t2Start       : 3.75000
t2End         : 3.82000
tAvgIndex     : 1.91000

