Iteration     : 1
CompLabel     : CT
averageVal1   : 0.05735
averageVal2   : 0.05735
AVG_MAG_VAL   : 0.05735
rmsVal1       : 0.56772
rmsVal2       : 0.56772
AVG_RMS_Val   : 0.56772
amplitudeVal1 : 0.68736
amplitudeVal2 : 0.68736
AVG_AMP_VAL   : 0.68736
Label 1       : pc
Label 2       : z
t1Start       : 0.00000
t1End         : 3.75000
t2Start       : 3.75000
t2End         : 3.82000
tAvgIndex     : 1.91000

