Iteration     : 1
CompLabel     : FX
averageVal1   : 0.00264
averageVal2   : 0.03978
AVG_MAG_VAL   : 0.00250
rmsVal1       : 0.00434
rmsVal2       : 0.00434
AVG_RMS_Val   : 0.07021
amplitudeVal1 : 0.05494
amplitudeVal2 : 0.06086
AVG_AMP_VAL   : 0.08558
Label 1       : a
Label 2       : a
t1Start       : 0.00000
t1End         : 3.72500
t2Start       : 3.72500
t2End         : 3.98500
tAvgIndex     : 1.99250

