Iteration : 2
Average   : 0.10135
Max Val   : 0.27669
Min Val   : -0.07398
Start     : 3.32500
Finish    : 3.42500
Gradient  : 3.50671
Grad Label: mpos  

Iteration : 3
Average   : 0.29645
Max Val   : 0.36561
Min Val   : 0.22729
Start     : 3.42500
Finish    : 3.45500
Gradient  : 2.44228
Grad Label: mpos  

