Iteration : 2
Average   : 2.13325
Max Val   : 2.19302
Min Val   : 2.07348
Start     : 0.45000
Finish    : 3.32500
Gradient  : 0.04158
Grad Label: cons  

Iteration : 3
Average   : -0.05925
Max Val   : 1.65803
Min Val   : -1.77654
Start     : 3.32500
Finish    : 3.42500
Gradient  : -34.34563
Grad Label: mneg  

Iteration : 4
Average   : -1.96114
Max Val   : -0.91698
Min Val   : -3.00530
Start     : 3.42500
Finish    : 3.45500
Gradient  : -31.52336
Grad Label: mneg  

