Iteration : 2
Average   : -0.00393
Max Val   : -0.00243
Min Val   : -0.00543
Start     : 3.35000
Finish    : 3.40000
Gradient  : -0.06012
Grad Label: cons  

Iteration : 3
Average   : -0.00622
Max Val   : -0.00404
Min Val   : -0.00839
Start     : 3.40000
Finish    : 3.42500
Gradient  : -0.17389
Grad Label: sneg  

Iteration : 4
Average   : -0.00529
Max Val   : 0.00979
Min Val   : -0.02037
Start     : 3.42500
Finish    : 3.45500
Gradient  : 0.69368
Grad Label: spos  

