Iteration     : 1
CompLabel     : FX
averageVal1   : 0.00265
averageVal2   : -0.09225
AVG_MAG_VAL   : -0.02540
rmsVal1       : 0.00402
rmsVal2       : 0.00402
AVG_RMS_Val   : 0.09363
amplitudeVal1 : 0.10164
amplitudeVal2 : 0.15216
AVG_AMP_VAL   : 0.15216
Label 1       : bpos
Label 2       : bpos
t1Start       : 0.00000
t1End         : 3.67500
t2Start       : 3.67500
t2End         : 6.48000
tAvgIndex     : 3.24000

