Iteration : 2
Average   : -0.11945
Max Val   : -0.11938
Min Val   : -0.11953
Start     : 4.27500
Finish    : 4.49500
Gradient  : -0.00071
Grad Label: cons  

