Iteration : 2
Average   : -0.09006
Max Val   : -0.08025
Min Val   : -0.09988
Start     : 1.52500
Finish    : 2.70000
Gradient  : -0.01671
Grad Label: cons  

Iteration : 3
Average   : -0.06628
Max Val   : -0.04512
Min Val   : -0.08745
Start     : 2.70000
Finish    : 4.10000
Gradient  : 0.03024
Grad Label: cons  

Iteration : 4
Average   : -0.05978
Max Val   : -0.05301
Min Val   : -0.06654
Start     : 4.10000
Finish    : 4.49500
Gradient  : -0.03022
Grad Label: cons  

