Iteration : 2
Average   : -0.00776
Max Val   : -0.00233
Min Val   : -0.01318
Start     : 3.25000
Finish    : 4.49500
Gradient  : -0.00932
Grad Label: cons  

