Iteration : 2
Average   : 2.16289
Max Val   : 2.26773
Min Val   : 2.05805
Start     : 0.45000
Finish    : 4.49500
Gradient  : 0.05154
Grad Label: cons  

