Iteration : 2
Average   : -0.00206
Max Val   : -0.00143
Min Val   : -0.00268
Start     : 4.00000
Finish    : 4.49500
Gradient  : -0.00244
Grad Label: cons  

