Iteration : 2
Average   : -1.70016
Max Val   : -1.58432
Min Val   : -1.81600
Start     : 0.30000
Finish    : 3.05000
Gradient  : -0.08425
Grad Label: cons  

Iteration : 3
Average   : -1.69145
Max Val   : -1.63083
Min Val   : -1.75207
Start     : 3.05000
Finish    : 4.49500
Gradient  : 0.09175
Grad Label: cons  

