Iteration : 1
Average   : 2.05509
Max Val   : 2.05798
Min Val   : 2.05221
Start     : 0.00000
Finish    : 0.47500
Gradient  : 0.01216
Grad Label: cons  

Iteration : 2
Average   : 2.17864
Max Val   : 2.29843
Min Val   : 2.05885
Start     : 0.47500
Finish    : 4.50000
Gradient  : 0.05886
Grad Label: cons  

