Iteration : 1
Average   : -1.56198
Max Val   : -1.55748
Min Val   : -1.56647
Start     : 0.00000
Finish    : 0.32500
Gradient  : -0.02766
Grad Label: cons  

Iteration : 2
Average   : -1.70030
Max Val   : -1.58506
Min Val   : -1.81554
Start     : 0.32500
Finish    : 3.02500
Gradient  : -0.08536
Grad Label: cons  

Iteration : 3
Average   : -1.68046
Max Val   : -1.60975
Min Val   : -1.75117
Start     : 3.02500
Finish    : 4.50000
Gradient  : 0.10493
Grad Label: cons  

