Iteration : 1
Average   : 0.00233
Max Val   : 0.00511
Min Val   : -0.00044
Start     : 0.00000
Finish    : 3.35000
Gradient  : -0.00166
Grad Label: cons  

Iteration : 2
Average   : -0.00696
Max Val   : -0.00271
Min Val   : -0.01122
Start     : 3.35000
Finish    : 4.50000
Gradient  : -0.00789
Grad Label: cons  

