Iteration : 1
Average   : 0.00021
Max Val   : 0.00091
Min Val   : -0.00048
Start     : 0.00000
Finish    : 4.05000
Gradient  : -0.00034
Grad Label: cons  

Iteration : 2
Average   : -0.00189
Max Val   : -0.00139
Min Val   : -0.00238
Start     : 4.05000
Finish    : 4.50000
Gradient  : -0.00214
Grad Label: cons  

