Iteration : 1
Average   : -0.10969
Max Val   : -0.09878
Min Val   : -0.12060
Start     : 0.00000
Finish    : 4.50000
Gradient  : -0.00535
Grad Label: cons  

