Iteration     : 1
CompLabel     : FX
averageVal1   : -0.10943
averageVal2   : 0.13706
AVG_MAG_VAL   : 0.01382
rmsVal1       : -0.10025
rmsVal2       : -0.10025
AVG_RMS_Val   : 0.39060
amplitudeVal1 : 0.50919
amplitudeVal2 : 0.50708
AVG_AMP_VAL   : 0.50919
Label 1       : a
Label 2       : a
t1Start       : 0.00000
t1End         : 3.32500
t2Start       : 3.32500
t2End         : 3.42500
tAvgIndex     : 1.71250

