Iteration     : 1
CompLabel     : a
averageVal1   : 0.62313
averageVal2   : 3.61230
AVG_MAG_VAL   : 2.72232
rmsVal1       : 0.64719
rmsVal2       : 3.61230
AVG_RMS_Val   : 2.68722
amplitudeVal1 : 0.21819
amplitudeVal2 : 0.23962
AVG_AMP_VAL   : 0.49149
Label 1       : bpos
Label 2       : bpos
t1Start       : 0.00000
t1End         : 7.40000
t2Start       : 7.40000
t2End         : 7.45000
tAvgIndex     : 3.72500

Iteration     : 2
CompLabel     : i
averageVal1   : 4.48881
averageVal2   : 4.48881
AVG_MAG_VAL   : 4.48881
rmsVal1       : 4.48881
rmsVal2       : 4.48881
AVG_RMS_Val   : 4.48881
amplitudeVal1 : 3.85382
amplitudeVal2 : 3.85382
AVG_AMP_VAL   : 3.85382
Label 1       : mneg
Label 2       : none
t1Start       : 7.45000
t1End         : 7.57500
t2Start       : 7.50000
t2End         : 7.57500
tAvgIndex     : 7.51250

Iteration     : 3
CompLabel     : pc
averageVal1   : 5.51191
averageVal2   : 5.51191
AVG_MAG_VAL   : 5.51191
rmsVal1       : 5.51191
rmsVal2       : 5.51191
AVG_RMS_Val   : 5.51191
amplitudeVal1 : 6.76045
amplitudeVal2 : 6.76045
AVG_AMP_VAL   : 6.76045
Label 1       : bpos
Label 2       : none
t1Start       : 7.57500
t1End         : 7.60000
t2Start       : 7.60000
t2End         : 7.70000
tAvgIndex     : 7.63750

Iteration     : 4
CompLabel     : a
averageVal1   : 1.13396
averageVal2   : 1.13396
AVG_MAG_VAL   : 1.13396
rmsVal1       : 1.18623
rmsVal2       : 1.18623
AVG_RMS_Val   : 0.83879
amplitudeVal1 : 0.57987
amplitudeVal2 : 0.57987
AVG_AMP_VAL   : 0.57987
Label 1       : bneg
Label 2       : bneg
t1Start       : 7.70000
t1End         : 10.39500
t2Start       : 7.70000
t2End         : 10.39500
tAvgIndex     : 9.04750

