Iteration : 1
Average   : 0.00285
Max Val   : 0.00444
Min Val   : 0.00127
Start     : 0.00000
Finish    : 3.17500
Gradient  : -0.00100
Grad Label: cons  

Iteration : 2
Average   : 0.00811
Max Val   : 0.00836
Min Val   : 0.00787
Start     : 3.17500
Finish    : 3.20000
Gradient  : 0.01942
Grad Label: cons  

Iteration : 3
Average   : 0.00402
Max Val   : 0.01088
Min Val   : -0.00284
Start     : 3.20000
Finish    : 3.25000
Gradient  : -0.28105
Grad Label: sneg  

