Iteration : 1
Average   : 0.00028
Max Val   : 0.00095
Min Val   : -0.00039
Start     : 0.00000
Finish    : 3.15000
Gradient  : -0.00042
Grad Label: cons  

Iteration : 2
Average   : -0.01316
Max Val   : -0.01099
Min Val   : -0.01532
Start     : 3.15000
Finish    : 3.17500
Gradient  : 0.17304
Grad Label: spos  

Iteration : 3
Average   : 0.05766
Max Val   : 0.15584
Min Val   : -0.04053
Start     : 3.17500
Finish    : 3.25000
Gradient  : 2.67865
Grad Label: mpos  

