Iteration : 1
Average   : -0.10864
Max Val   : -0.09879
Min Val   : -0.11848
Start     : 0.00000
Finish    : 3.15000
Gradient  : -0.00625
Grad Label: cons  

Iteration : 2
Average   : 0.08795
Max Val   : 0.26021
Min Val   : -0.08431
Start     : 3.15000
Finish    : 3.22500
Gradient  : 4.59352
Grad Label: mpos  

Iteration : 3
Average   : 0.28601
Max Val   : 0.31175
Min Val   : 0.26028
Start     : 3.22500
Finish    : 3.25000
Gradient  : 1.89314
Grad Label: spos  

