Iteration     : 1
CompLabel     : FX
averageVal1   : -0.10269
averageVal2   : 1.82179
AVG_MAG_VAL   : 1.72684
rmsVal1       : -0.02224
rmsVal2       : -0.02224
AVG_RMS_Val   : 5.16430
amplitudeVal1 : 2.44473
amplitudeVal2 : 0.73203
AVG_AMP_VAL   : 3.66628
Label 1       : bpos
Label 2       : bpos
t1Start       : 0.00000
t1End         : 6.02500
t2Start       : 6.02500
t2End         : 6.69000
tAvgIndex     : 3.34500

