Iteration     : 1
CompLabel     : FX
averageVal1   : 3.14494
averageVal2   : 0.39326
AVG_MAG_VAL   : 1.27267
rmsVal1       : 2.20355
rmsVal2       : 2.20355
AVG_RMS_Val   : 2.31757
amplitudeVal1 : 0.61350
amplitudeVal2 : 4.14795
AVG_AMP_VAL   : 4.14795
Label 1       : a
Label 2       : a
t1Start       : 0.00000
t1End         : 3.52500
t2Start       : 3.52500
t2End         : 3.71000
tAvgIndex     : 1.85500

