Iteration     : 1
CompLabel     : FX
averageVal1   : -0.10607
averageVal2   : 0.11619
AVG_MAG_VAL   : -0.00288
rmsVal1       : -0.10003
rmsVal2       : -0.10003
AVG_RMS_Val   : 0.37575
amplitudeVal1 : 0.22098
amplitudeVal2 : 0.42232
AVG_AMP_VAL   : 0.42232
Label 1       : a
Label 2       : a
t1Start       : 0.00000
t1End         : 3.45000
t2Start       : 3.45000
t2End         : 3.71000
tAvgIndex     : 1.85500

