Iteration     : 1
CompLabel     : FX
averageVal1   : -2.46406
averageVal2   : 9.03014
AVG_MAG_VAL   : 5.97538
rmsVal1       : -1.48963
rmsVal2       : -1.48963
AVG_RMS_Val   : 10.20275
amplitudeVal1 : 12.04656
amplitudeVal2 : 0.53692
AVG_AMP_VAL   : 12.04656
Label 1       : a
Label 2       : a
t1Start       : 0.00000
t1End         : 4.47500
t2Start       : 4.47500
t2End         : 5.65500
tAvgIndex     : 2.82750

