Iteration     : 1
CompLabel     : FX
averageVal1   : 0.01838
averageVal2   : 0.00489
AVG_MAG_VAL   : 0.01164
rmsVal1       : 0.02765
rmsVal2       : 0.02765
AVG_RMS_Val   : 0.03495
amplitudeVal1 : 0.02952
amplitudeVal2 : 0.01221
AVG_AMP_VAL   : 0.03949
Label 1       : a
Label 2       : a
t1Start       : 0.00000
t1End         : 4.42500
t2Start       : 4.42500
t2End         : 5.65500
tAvgIndex     : 2.82750

