Iteration     : 1
CompLabel     : FX
averageVal1   : -0.11129
averageVal2   : 0.39689
AVG_MAG_VAL   : 0.23261
rmsVal1       : -0.09903
rmsVal2       : -0.09903
AVG_RMS_Val   : 0.45319
amplitudeVal1 : 0.57600
amplitudeVal2 : 0.02658
AVG_AMP_VAL   : 0.57600
Label 1       : a
Label 2       : a
t1Start       : 0.00000
t1End         : 4.47500
t2Start       : 4.47500
t2End         : 5.65500
tAvgIndex     : 2.82750

