Iteration : 1
Average   : 0.00012
Max Val   : 0.00128
Min Val   : -0.00105
Start     : 0.00000
Finish    : 3.17500
Gradient  : -0.00073
Grad Label: cons  

Iteration : 2
Average   : -0.03301
Max Val   : -0.03070
Min Val   : -0.03531
Start     : 3.17500
Finish    : 3.20000
Gradient  : 0.18463
Grad Label: spos  

Iteration : 3
Average   : 0.07131
Max Val   : 0.19362
Min Val   : -0.05100
Start     : 3.20000
Finish    : 3.26000
Gradient  : 4.60986
Grad Label: bpos  

