Iteration     : 1
CompLabel     : FX
averageVal1   : 0.00035
averageVal2   : 0.01884
AVG_MAG_VAL   : 0.06169
rmsVal1       : 0.00070
rmsVal2       : 0.00070
AVG_RMS_Val   : 0.17940
amplitudeVal1 : 0.02252
amplitudeVal2 : 0.06839
AVG_AMP_VAL   : 0.13486
Label 1       : bpos
Label 2       : bpos
t1Start       : 0.00000
t1End         : 3.85000
t2Start       : 3.85000
t2End         : 6.17500
tAvgIndex     : 3.08750

