Iteration     : 1
CompLabel     : FX
averageVal1   : -0.05841
averageVal2   : 0.16635
AVG_MAG_VAL   : 0.06019
rmsVal1       : -0.02333
rmsVal2       : -0.02333
AVG_RMS_Val   : 0.34108
amplitudeVal1 : 0.09690
amplitudeVal2 : 0.34947
AVG_AMP_VAL   : 0.34947
Label 1       : a
Label 2       : a
t1Start       : 0.00000
t1End         : 4.05000
t2Start       : 4.05000
t2End         : 4.20000
tAvgIndex     : 2.10000

