Iteration     : 1
CompLabel     : FX
averageVal1   : 0.00051
averageVal2   : 0.15053
AVG_MAG_VAL   : 0.04520
rmsVal1       : 0.00059
rmsVal2       : 0.00059
AVG_RMS_Val   : 0.32542
amplitudeVal1 : 0.08956
amplitudeVal2 : 0.24058
AVG_AMP_VAL   : 0.24058
Label 1       : a
Label 2       : a
t1Start       : 0.00000
t1End         : 3.47500
t2Start       : 3.47500
t2End         : 4.20000
tAvgIndex     : 2.10000

