Iteration     : 1
CompLabel     : FX
averageVal1   : -0.10907
averageVal2   : 0.13670
AVG_MAG_VAL   : 0.01382
rmsVal1       : -0.09911
rmsVal2       : -0.09911
AVG_RMS_Val   : 0.38940
amplitudeVal1 : 0.50843
amplitudeVal2 : 0.50541
AVG_AMP_VAL   : 0.50843
Label 1       : a
Label 2       : a
t1Start       : 0.00000
t1End         : 3.32500
t2Start       : 3.32500
t2End         : 3.41000
tAvgIndex     : 1.70500

