Iteration     : 1
CompLabel     : CT
averageVal1   : 0.62446
averageVal2   : 0.62446
AVG_MAG_VAL   : 0.62446
rmsVal1       : 2.19954
rmsVal2       : 2.19954
AVG_RMS_Val   : 2.19954
amplitudeVal1 : 6.08880
amplitudeVal2 : 6.08880
AVG_AMP_VAL   : 6.08880
Label 1       : nc
Label 2       : z
t1Start       : 0.00000
t1End         : 3.32500
t2Start       : 3.32500
t2End         : 3.41000
tAvgIndex     : 1.70500

