Iteration     : 1
CompLabel     : FX
averageVal1   : -0.08794
averageVal2   : 0.21287
AVG_MAG_VAL   : 0.06247
rmsVal1       : -0.07366
rmsVal2       : -0.07366
AVG_RMS_Val   : 0.86812
amplitudeVal1 : 0.49060
amplitudeVal2 : 1.06877
AVG_AMP_VAL   : 1.06877
Label 1       : a
Label 2       : a
t1Start       : 0.00000
t1End         : 3.17500
t2Start       : 3.17500
t2End         : 3.41000
tAvgIndex     : 1.70500

