Iteration     : 1
CompLabel     : CT
averageVal1   : 1.35172
averageVal2   : 1.35172
AVG_MAG_VAL   : 1.35172
rmsVal1       : 2.29821
rmsVal2       : 2.29821
AVG_RMS_Val   : 2.29821
amplitudeVal1 : 5.49254
amplitudeVal2 : 5.49254
AVG_AMP_VAL   : 5.49254
Label 1       : nc
Label 2       : z
t1Start       : 0.00000
t1End         : 3.85000
t2Start       : 3.85000
t2End         : 3.92000
tAvgIndex     : 1.96000

