Iteration     : 1
CompLabel     : CT
averageVal1   : 0.90645
averageVal2   : 0.90645
AVG_MAG_VAL   : 0.90645
rmsVal1       : 10.17550
rmsVal2       : 10.17550
AVG_RMS_Val   : 10.17550
amplitudeVal1 : 12.13685
amplitudeVal2 : 12.13685
AVG_AMP_VAL   : 12.13685
Label 1       : pc
Label 2       : z
t1Start       : 0.00000
t1End         : 3.85000
t2Start       : 3.85000
t2End         : 3.92000
tAvgIndex     : 1.96000

