Iteration : 2
Average   : 0.00017
Max Val   : 0.00114
Min Val   : -0.00081
Start     : 0.22500
Finish    : 3.32500
Gradient  : -0.00063
Grad Label: cons  

Iteration : 3
Average   : -0.07888
Max Val   : -0.00079
Min Val   : -0.15698
Start     : 3.32500
Finish    : 3.40500
Gradient  : -2.00609
Grad Label: sneg  

