Iteration : 2
Average   : -0.08216
Max Val   : -0.07348
Min Val   : -0.09085
Start     : 0.17500
Finish    : 1.47500
Gradient  : 0.01336
Grad Label: cons  

Iteration : 3
Average   : -0.09067
Max Val   : -0.08741
Min Val   : -0.09393
Start     : 1.47500
Finish    : 3.32500
Gradient  : -0.00352
Grad Label: cons  

Iteration : 4
Average   : 1.36135
Max Val   : 2.83503
Min Val   : -0.11234
Start     : 3.32500
Finish    : 3.40500
Gradient  : 34.46376
Grad Label: mpos  

