Iteration     : 1
CompLabel     : CT
averageVal1   : 0.02046
averageVal2   : 0.02046
AVG_MAG_VAL   : 0.02046
rmsVal1       : 0.41477
rmsVal2       : 0.41477
AVG_RMS_Val   : 0.41477
amplitudeVal1 : 0.53098
amplitudeVal2 : 0.53098
AVG_AMP_VAL   : 0.53098
Label 1       : pc
Label 2       : z
t1Start       : 0.00000
t1End         : 3.32500
t2Start       : 3.32500
t2End         : 3.39500
tAvgIndex     : 1.69750

