Iteration     : 1
CompLabel     : CT
averageVal1   : 0.51813
averageVal2   : 0.51813
AVG_MAG_VAL   : 0.51813
rmsVal1       : 2.19930
rmsVal2       : 2.19930
AVG_RMS_Val   : 2.19930
amplitudeVal1 : 6.50224
amplitudeVal2 : 6.50224
AVG_AMP_VAL   : 6.50224
Label 1       : nc
Label 2       : z
t1Start       : 0.00000
t1End         : 3.32500
t2Start       : 3.32500
t2End         : 3.39500
tAvgIndex     : 1.69750

