Iteration : 2
Average   : -0.11707
Max Val   : -0.11687
Min Val   : -0.11727
Start     : 3.67500
Finish    : 4.49500
Gradient  : -0.00046
Grad Label: cons  

