Iteration : 2
Average   : 0.00008
Max Val   : 0.00082
Min Val   : -0.00066
Start     : 1.15000
Finish    : 4.49500
Gradient  : -0.00045
Grad Label: cons  

