Iteration : 2
Average   : -1.70455
Max Val   : -1.59688
Min Val   : -1.81222
Start     : 0.15000
Finish    : 3.07500
Gradient  : -0.07362
Grad Label: cons  

Iteration : 3
Average   : -1.69778
Max Val   : -1.64306
Min Val   : -1.75250
Start     : 3.07500
Finish    : 4.49500
Gradient  : 0.08368
Grad Label: cons  

