Iteration : 1
Average   : 0.00257
Max Val   : 0.00415
Min Val   : 0.00100
Start     : 0.00000
Finish    : 4.49500
Gradient  : -0.00074
Grad Label: cons  

