Iteration : 2
Average   : 2.06519
Max Val   : 2.07001
Min Val   : 2.06037
Start     : 0.17500
Finish    : 0.60000
Gradient  : 0.02267
Grad Label: cons  

Iteration : 3
Average   : 2.18072
Max Val   : 2.29021
Min Val   : 2.07123
Start     : 0.60000
Finish    : 4.49500
Gradient  : 0.05511
Grad Label: cons  

