Iteration : 2
Average   : -0.08119
Max Val   : -0.07541
Min Val   : -0.08698
Start     : 0.15000
Finish    : 1.40000
Gradient  : 0.00926
Grad Label: cons  

Iteration : 3
Average   : -0.09232
Max Val   : -0.08087
Min Val   : -0.10377
Start     : 1.40000
Finish    : 3.20000
Gradient  : -0.01272
Grad Label: cons  

Iteration : 4
Average   : -0.10272
Max Val   : -0.09972
Min Val   : -0.10572
Start     : 3.20000
Finish    : 4.49500
Gradient  : -0.00475
Grad Label: cons  

