Iteration : 2
Average   : 2.15121
Max Val   : 2.24434
Min Val   : 2.05809
Start     : 0.47500
Finish    : 4.49500
Gradient  : 0.04649
Grad Label: cons  

