Iteration : 2
Average   : -0.01655
Max Val   : -0.00191
Min Val   : -0.03119
Start     : 2.97500
Finish    : 4.49500
Gradient  : -0.02142
Grad Label: cons  

