Iteration : 1
Average   : -0.10988
Max Val   : -0.09875
Min Val   : -0.12101
Start     : 0.00000
Finish    : 4.49500
Gradient  : -0.00560
Grad Label: cons  

