Iteration : 2
Average   : -1.69951
Max Val   : -1.58310
Min Val   : -1.81593
Start     : 0.32500
Finish    : 3.02500
Gradient  : -0.08623
Grad Label: cons  

Iteration : 3
Average   : -1.68107
Max Val   : -1.61044
Min Val   : -1.75169
Start     : 3.02500
Finish    : 4.49500
Gradient  : 0.10497
Grad Label: cons  

