Iteration : 2
Average   : -0.00275
Max Val   : -0.00114
Min Val   : -0.00437
Start     : 3.82500
Finish    : 4.49500
Gradient  : -0.00476
Grad Label: cons  

