Iteration : 2
Average   : -0.08982
Max Val   : -0.08055
Min Val   : -0.09909
Start     : 1.55000
Finish    : 2.65000
Gradient  : -0.01685
Grad Label: cons  

Iteration : 3
Average   : -0.02487
Max Val   : 0.02652
Min Val   : -0.07626
Start     : 2.65000
Finish    : 4.12500
Gradient  : 0.06968
Grad Label: cons  

Iteration : 4
Average   : -0.00927
Max Val   : 0.00394
Min Val   : -0.02248
Start     : 4.12500
Finish    : 4.49500
Gradient  : -0.06745
Grad Label: cons  

