Iteration     : 1
CompLabel     : FX
averageVal1   : 0.00085
averageVal2   : 0.10420
AVG_MAG_VAL   : 0.07095
rmsVal1       : 0.00196
rmsVal2       : 0.00196
AVG_RMS_Val   : 0.45783
amplitudeVal1 : 0.06970
amplitudeVal2 : 0.16615
AVG_AMP_VAL   : 0.37299
Label 1       : bpos
Label 2       : bpos
t1Start       : 0.00000
t1End         : 3.22500
t2Start       : 3.22500
t2End         : 5.92500
tAvgIndex     : 2.96250

