Iteration     : 1
CompLabel     : FX
averageVal1   : -0.05845
averageVal2   : -0.04813
AVG_MAG_VAL   : -0.01847
rmsVal1       : -0.02340
rmsVal2       : -0.02340
AVG_RMS_Val   : 0.39040
amplitudeVal1 : 0.10725
amplitudeVal2 : 0.08140
AVG_AMP_VAL   : 0.45105
Label 1       : bpos
Label 2       : bpos
t1Start       : 0.00000
t1End         : 4.22500
t2Start       : 4.22500
t2End         : 5.81000
tAvgIndex     : 2.90500

