Iteration     : 1
CompLabel     : FX
averageVal1   : -0.08839
averageVal2   : 0.86042
AVG_MAG_VAL   : 0.90966
rmsVal1       : 0.04145
rmsVal2       : 0.04145
AVG_RMS_Val   : 2.53010
amplitudeVal1 : 1.73845
amplitudeVal2 : 0.12319
AVG_AMP_VAL   : 1.87965
Label 1       : bpos
Label 2       : bpos
t1Start       : 0.00000
t1End         : 3.77500
t2Start       : 3.77500
t2End         : 6.01500
tAvgIndex     : 3.00750

