Iteration     : 1
CompLabel     : FX
averageVal1   : 0.00055
averageVal2   : 0.07534
AVG_MAG_VAL   : -0.00379
rmsVal1       : 0.00405
rmsVal2       : 0.00405
AVG_RMS_Val   : 0.11034
amplitudeVal1 : 0.06634
amplitudeVal2 : 0.04079
AVG_AMP_VAL   : 0.07251
Label 1       : bpos
Label 2       : bpos
t1Start       : 0.00000
t1End         : 3.55000
t2Start       : 3.55000
t2End         : 6.01500
tAvgIndex     : 3.00750

