Iteration : 2
Average   : -0.16623
Max Val   : 0.00017
Min Val   : -0.33263
Start     : 3.82500
Finish    : 3.88500
Gradient  : -5.93201
Grad Label: bneg  

