Iteration : 2
Average   : -1.69447
Max Val   : -1.57266
Min Val   : -1.81628
Start     : 0.17500
Finish    : 3.07500
Gradient  : -0.08401
Grad Label: cons  

Iteration : 3
Average   : -1.66272
Max Val   : -1.48896
Min Val   : -1.83647
Start     : 3.07500
Finish    : 3.82500
Gradient  : 0.46334
Grad Label: cons  

Iteration : 4
Average   : 4.39929
Max Val   : 10.46140
Min Val   : -1.66282
Start     : 3.82500
Finish    : 3.88500
Gradient  : 210.61313
Grad Label: pimp  

