Iteration : 2
Average   : 2.05720
Max Val   : 2.05828
Min Val   : 2.05611
Start     : 0.15000
Finish    : 0.40000
Gradient  : -0.00871
Grad Label: cons  

Iteration : 3
Average   : 2.15211
Max Val   : 2.24280
Min Val   : 2.06141
Start     : 0.40000
Finish    : 3.82500
Gradient  : 0.05296
Grad Label: cons  

Iteration : 4
Average   : -0.96909
Max Val   : 2.29575
Min Val   : -4.23394
Start     : 3.82500
Finish    : 3.88500
Gradient  : -107.48123
Grad Label: nimp  

