Iteration : 2
Average   : -0.00526
Max Val   : -0.00165
Min Val   : -0.00888
Start     : 3.30000
Finish    : 3.82500
Gradient  : -0.01378
Grad Label: cons  

Iteration : 3
Average   : -0.08044
Max Val   : -0.00765
Min Val   : -0.15323
Start     : 3.82500
Finish    : 3.88500
Gradient  : -2.29516
Grad Label: sneg  

