Iteration : 2
Average   : -0.11293
Max Val   : -0.10657
Min Val   : -0.11928
Start     : 0.97500
Finish    : 3.07500
Gradient  : -0.00605
Grad Label: cons  

Iteration : 3
Average   : -0.11631
Max Val   : -0.11026
Min Val   : -0.12237
Start     : 3.07500
Finish    : 3.82500
Gradient  : 0.01615
Grad Label: cons  

Iteration : 4
Average   : 0.24427
Max Val   : 0.60894
Min Val   : -0.12040
Start     : 3.82500
Finish    : 3.88500
Gradient  : 12.57706
Grad Label: pimp  

