Iteration     : 1
CompLabel     : FX
averageVal1   : -0.01876
averageVal2   : 0.02796
AVG_MAG_VAL   : -0.00405
rmsVal1       : 0.00402
rmsVal2       : 0.00402
AVG_RMS_Val   : 0.10131
amplitudeVal1 : 0.00120
amplitudeVal2 : 0.07536
AVG_AMP_VAL   : 0.13748
Label 1       : bpos
Label 2       : bpos
t1Start       : 0.00000
t1End         : 3.87500
t2Start       : 3.87500
t2End         : 6.00500
tAvgIndex     : 3.00250

