Iteration     : 1
CompLabel     : FX
averageVal1   : 1.59191
averageVal2   : -0.96943
AVG_MAG_VAL   : 0.44734
rmsVal1       : 2.04264
rmsVal2       : 2.04264
AVG_RMS_Val   : 2.20903
amplitudeVal1 : 1.72162
amplitudeVal2 : 4.36315
AVG_AMP_VAL   : 4.60893
Label 1       : a
Label 2       : a
t1Start       : 0.00000
t1End         : 3.67500
t2Start       : 3.67500
t2End         : 3.84500
tAvgIndex     : 1.92250

