Iteration     : 1
CompLabel     : FX
averageVal1   : 1.59187
averageVal2   : -0.46333
AVG_MAG_VAL   : 0.70740
rmsVal1       : 2.04273
rmsVal2       : 2.04273
AVG_RMS_Val   : 5.70299
amplitudeVal1 : 1.70135
amplitudeVal2 : 2.94113
AVG_AMP_VAL   : 10.60966
Label 1       : bpos
Label 2       : bpos
t1Start       : 0.00000
t1End         : 5.85000
t2Start       : 5.85000
t2End         : 6.53000
tAvgIndex     : 3.26500

