Iteration : 2
Average   : -1.69684
Max Val   : -1.57430
Min Val   : -1.81938
Start     : 0.17500
Finish    : 3.15000
Gradient  : -0.08238
Grad Label: cons  

Iteration : 3
Average   : -1.64784
Max Val   : -1.26872
Min Val   : -2.02695
Start     : 3.15000
Finish    : 3.32500
Gradient  : 4.33277
Grad Label: spos  

Iteration : 4
Average   : 4.40832
Max Val   : 10.55800
Min Val   : -1.74136
Start     : 3.32500
Finish    : 3.43000
Gradient  : 118.24803
Grad Label: pimp  

