Iteration : 2
Average   : 0.08660
Max Val   : 0.26226
Min Val   : -0.08906
Start     : 3.32500
Finish    : 3.40000
Gradient  : 4.68426
Grad Label: bpos  

Iteration : 3
Average   : 0.31873
Max Val   : 0.38812
Min Val   : 0.24933
Start     : 3.40000
Finish    : 3.43000
Gradient  : 4.50801
Grad Label: mpos  

