Iteration : 2
Average   : -0.03229
Max Val   : 0.00105
Min Val   : -0.06564
Start     : 3.77500
Finish    : 3.84500
Gradient  : -1.06456
Grad Label: sneg  

