Iteration : 2
Average   : 2.15171
Max Val   : 2.23712
Min Val   : 2.06629
Start     : 0.37500
Finish    : 3.77500
Gradient  : 0.05024
Grad Label: cons  

Iteration : 3
Average   : -0.41278
Max Val   : 2.29112
Min Val   : -3.11669
Start     : 3.77500
Finish    : 3.84500
Gradient  : -85.02175
Grad Label: nimp  

