Iteration : 2
Average   : -1.70444
Max Val   : -1.59642
Min Val   : -1.81246
Start     : 0.15000
Finish    : 3.07500
Gradient  : -0.07386
Grad Label: cons  

Iteration : 3
Average   : -1.67746
Max Val   : -1.51388
Min Val   : -1.84105
Start     : 3.07500
Finish    : 3.77500
Gradient  : 0.46738
Grad Label: cons  

Iteration : 4
Average   : 4.47271
Max Val   : 10.63110
Min Val   : -1.68567
Start     : 3.77500
Finish    : 3.84500
Gradient  : 194.14472
Grad Label: pimp  

