Iteration : 2
Average   : -0.08001
Max Val   : -0.07552
Min Val   : -0.08450
Start     : 0.37500
Finish    : 1.27500
Gradient  : 0.00998
Grad Label: cons  

Iteration : 3
Average   : -0.09128
Max Val   : -0.08673
Min Val   : -0.09582
Start     : 1.27500
Finish    : 3.77500
Gradient  : -0.00364
Grad Label: cons  

Iteration : 4
Average   : 1.87427
Max Val   : 3.85904
Min Val   : -0.11050
Start     : 3.77500
Finish    : 3.84500
Gradient  : 62.65671
Grad Label: bpos  

