Iteration : 2
Average   : -0.18082
Max Val   : -0.00094
Min Val   : -0.36069
Start     : 3.77500
Finish    : 3.84500
Gradient  : -5.66463
Grad Label: bneg  

