Iteration : 2
Average   : 0.22988
Max Val   : 0.57802
Min Val   : -0.11825
Start     : 3.77500
Finish    : 3.84500
Gradient  : 10.99890
Grad Label: pimp  

