Iteration     : 1
CompLabel     : FX
averageVal1   : -0.00107
averageVal2   : -0.00084
AVG_MAG_VAL   : -0.00096
rmsVal1       : 0.00501
rmsVal2       : 0.00501
AVG_RMS_Val   : 0.02461
amplitudeVal1 : 0.02651
amplitudeVal2 : 0.03514
AVG_AMP_VAL   : 0.03514
Label 1       : a
Label 2       : a
t1Start       : 0.00000
t1End         : 3.47500
t2Start       : 3.47500
t2End         : 3.60000
tAvgIndex     : 1.80000

