Iteration     : 1
CompLabel     : FX
averageVal1   : -0.10953
averageVal2   : 0.18441
AVG_MAG_VAL   : 0.00843
rmsVal1       : -0.09940
rmsVal2       : -0.09940
AVG_RMS_Val   : 0.41691
amplitudeVal1 : 0.22034
amplitudeVal2 : 0.37398
AVG_AMP_VAL   : 0.37398
Label 1       : a
Label 2       : a
t1Start       : 0.00000
t1End         : 3.45000
t2Start       : 3.45000
t2End         : 3.60000
tAvgIndex     : 1.80000

