Iteration     : 1
CompLabel     : CT
averageVal1   : 2.00056
averageVal2   : 2.00056
AVG_MAG_VAL   : 2.00056
rmsVal1       : 10.62990
rmsVal2       : 10.62990
AVG_RMS_Val   : 10.62990
amplitudeVal1 : 5.22514
amplitudeVal2 : 5.22514
AVG_AMP_VAL   : 5.22514
Label 1       : pc
Label 2       : z
t1Start       : 0.00000
t1End         : 3.60000
t2Start       : 3.50000
t2End         : 3.60000
tAvgIndex     : 1.80000

