Iteration     : 1
CompLabel     : FX
averageVal1   : 2.10305
averageVal2   : 2.10305
AVG_MAG_VAL   : 2.10305
rmsVal1       : 2.24470
rmsVal2       : 2.24470
AVG_RMS_Val   : 2.24470
amplitudeVal1 : 0.19256
amplitudeVal2 : 0.19256
AVG_AMP_VAL   : 0.19256
Label 1       : k
Label 2       : k
t1Start       : 0.00000
t1End         : 4.50000
t2Start       : 0.00000
t2End         : 4.50000
tAvgIndex     : 2.25000

