Iteration     : 1
CompLabel     : CT
averageVal1   : 1.28085
averageVal2   : 1.28085
AVG_MAG_VAL   : 1.28085
rmsVal1       : 11.12130
rmsVal2       : 11.12130
AVG_RMS_Val   : 11.12130
amplitudeVal1 : 13.06757
amplitudeVal2 : 13.06757
AVG_AMP_VAL   : 13.06757
Label 1       : pc
Label 2       : z
t1Start       : 0.00000
t1End         : 3.77500
t2Start       : 3.77500
t2End         : 3.82500
tAvgIndex     : 1.91250

