Iteration     : 1
CompLabel     : CT
averageVal1   : 0.07259
averageVal2   : 0.07259
AVG_MAG_VAL   : 0.07259
rmsVal1       : 0.62474
rmsVal2       : 0.62474
AVG_RMS_Val   : 0.62474
amplitudeVal1 : 0.74617
amplitudeVal2 : 0.74617
AVG_AMP_VAL   : 0.74617
Label 1       : pc
Label 2       : z
t1Start       : 0.00000
t1End         : 3.77500
t2Start       : 3.77500
t2End         : 3.82500
tAvgIndex     : 1.91250

