Iteration     : 1
CompLabel     : CT
averageVal1   : 0.87657
averageVal2   : 0.87657
AVG_MAG_VAL   : 0.87657
rmsVal1       : 2.26070
rmsVal2       : 2.26070
AVG_RMS_Val   : 2.26070
amplitudeVal1 : 7.31367
amplitudeVal2 : 7.31367
AVG_AMP_VAL   : 7.31367
Label 1       : nc
Label 2       : z
t1Start       : 0.00000
t1End         : 3.77500
t2Start       : 3.77500
t2End         : 3.82500
tAvgIndex     : 1.91250

