Iteration     : 1
CompLabel     : CT
averageVal1   : 1.22641
averageVal2   : 1.22641
AVG_MAG_VAL   : 1.22641
rmsVal1       : 5.03087
rmsVal2       : 5.03087
AVG_RMS_Val   : 5.03087
amplitudeVal1 : 5.17392
amplitudeVal2 : 5.17392
AVG_AMP_VAL   : 5.17392
Label 1       : pc
Label 2       : z
t1Start       : 0.00000
t1End         : 3.77500
t2Start       : 3.77500
t2End         : 3.82500
tAvgIndex     : 1.91250

