Iteration     : 1
CompLabel     : CT
averageVal1   : -0.09471
averageVal2   : -0.09471
AVG_MAG_VAL   : -0.09471
rmsVal1       : 0.00157
rmsVal2       : 0.00157
AVG_RMS_Val   : 0.00157
amplitudeVal1 : 0.38128
amplitudeVal2 : 0.38128
AVG_AMP_VAL   : 0.38128
Label 1       : nc
Label 2       : z
t1Start       : 0.00000
t1End         : 3.77500
t2Start       : 3.77500
t2End         : 3.82500
tAvgIndex     : 1.91250

