Iteration     : 1
CompLabel     : FX
averageVal1   : -0.10913
averageVal2   : 0.11656
AVG_MAG_VAL   : 0.00371
rmsVal1       : -0.09939
rmsVal2       : -0.09939
AVG_RMS_Val   : 0.34910
amplitudeVal1 : 0.46797
amplitudeVal2 : 0.46507
AVG_AMP_VAL   : 0.46797
Label 1       : a
Label 2       : a
t1Start       : 0.00000
t1End         : 3.32500
t2Start       : 3.32500
t2End         : 3.42500
tAvgIndex     : 1.71250

