Iteration     : 1
CompLabel     : FX
averageVal1   : 0.00276
averageVal2   : 0.00298
AVG_MAG_VAL   : 0.00417
rmsVal1       : 0.00441
rmsVal2       : 0.00441
AVG_RMS_Val   : 0.01688
amplitudeVal1 : 0.00648
amplitudeVal2 : 0.01416
AVG_AMP_VAL   : 0.01605
Label 1       : a
Label 2       : a
t1Start       : 0.00000
t1End         : 3.35000
t2Start       : 3.35000
t2End         : 3.42500
tAvgIndex     : 1.71250

