Iteration     : 1
CompLabel     : FX
averageVal1   : -0.12102
averageVal2   : 0.19067
AVG_MAG_VAL   : 0.11270
rmsVal1       : -0.01061
rmsVal2       : -0.01061
AVG_RMS_Val   : 1.02658
amplitudeVal1 : 0.89704
amplitudeVal2 : 1.67182
AVG_AMP_VAL   : 1.67182
Label 1       : a
Label 2       : a
t1Start       : 0.00000
t1End         : 3.32500
t2Start       : 3.32500
t2End         : 3.44000
tAvgIndex     : 1.72000

