Iteration     : 1
CompLabel     : FX
averageVal1   : -0.10891
averageVal2   : 0.16916
AVG_MAG_VAL   : 0.03012
rmsVal1       : -0.10040
rmsVal2       : -0.10040
AVG_RMS_Val   : 0.38082
amplitudeVal1 : 0.28910
amplitudeVal2 : 0.43814
AVG_AMP_VAL   : 0.43814
Label 1       : a
Label 2       : a
t1Start       : 0.00000
t1End         : 3.32500
t2Start       : 3.32500
t2End         : 3.44000
tAvgIndex     : 1.72000

