Iteration     : 1
CompLabel     : FX
averageVal1   : -0.11073
averageVal2   : 0.30360
AVG_MAG_VAL   : 0.06825
rmsVal1       : -0.09966
rmsVal2       : -0.09966
AVG_RMS_Val   : 0.59466
amplitudeVal1 : 0.45721
amplitudeVal2 : 0.58210
AVG_AMP_VAL   : 0.58210
Label 1       : a
Label 2       : a
t1Start       : 0.00000
t1End         : 3.92500
t2Start       : 3.92500
t2End         : 4.25000
tAvgIndex     : 2.12500

