Iteration     : 1
CompLabel     : FX
averageVal1   : 1.59187
averageVal2   : 2.86496
AVG_MAG_VAL   : 0.65035
rmsVal1       : 2.04273
rmsVal2       : 2.04273
AVG_RMS_Val   : 4.94783
amplitudeVal1 : 1.55547
amplitudeVal2 : 0.67625
AVG_AMP_VAL   : 3.05293
Label 1       : bpos
Label 2       : bpos
t1Start       : 0.00000
t1End         : 4.27500
t2Start       : 4.27500
t2End         : 5.80000
tAvgIndex     : 2.90000

