Iteration     : 1
CompLabel     : FX
averageVal1   : 0.00285
averageVal2   : 0.01438
AVG_MAG_VAL   : -0.00876
rmsVal1       : 0.00402
rmsVal2       : 0.00402
AVG_RMS_Val   : 0.06055
amplitudeVal1 : 0.00346
amplitudeVal2 : 0.00507
AVG_AMP_VAL   : 0.12708
Label 1       : bpos
Label 2       : bpos
t1Start       : 0.00000
t1End         : 5.62500
t2Start       : 5.62500
t2End         : 5.82500
tAvgIndex     : 2.91250

