Iteration     : 1
CompLabel     : FX
averageVal1   : -0.11086
averageVal2   : 0.28775
AVG_MAG_VAL   : 0.06874
rmsVal1       : -0.10052
rmsVal2       : -0.10052
AVG_RMS_Val   : 0.59561
amplitudeVal1 : 0.30572
amplitudeVal2 : 0.61570
AVG_AMP_VAL   : 0.61570
Label 1       : a
Label 2       : a
t1Start       : 0.00000
t1End         : 3.92500
t2Start       : 3.92500
t2End         : 4.35000
tAvgIndex     : 2.17500

