Iteration : 1
Average   : 0.00279
Max Val   : 0.00467
Min Val   : 0.00092
Start     : 0.00000
Finish    : 4.49500
Gradient  : -0.00086
Grad Label: cons  

