Iteration : 2
Average   : -1.69519
Max Val   : -1.57322
Min Val   : -1.81717
Start     : 0.17500
Finish    : 3.10000
Gradient  : -0.08340
Grad Label: cons  

Iteration : 3
Average   : -1.68848
Max Val   : -1.62928
Min Val   : -1.74768
Start     : 3.10000
Finish    : 4.49500
Gradient  : 0.09112
Grad Label: cons  

