Iteration : 2
Average   : 2.05780
Max Val   : 2.06236
Min Val   : 2.05324
Start     : 0.17500
Finish    : 0.57500
Gradient  : 0.02281
Grad Label: cons  

Iteration : 3
Average   : 2.18423
Max Val   : 2.30553
Min Val   : 2.06293
Start     : 0.57500
Finish    : 4.49500
Gradient  : 0.06055
Grad Label: cons  

