Iteration : 2
Average   : -0.08180
Max Val   : -0.07345
Min Val   : -0.09015
Start     : 0.17500
Finish    : 1.42500
Gradient  : 0.01336
Grad Label: cons  

Iteration : 3
Average   : -0.09211
Max Val   : -0.07983
Min Val   : -0.10439
Start     : 1.42500
Finish    : 3.20000
Gradient  : -0.01384
Grad Label: cons  

Iteration : 4
Average   : -0.10266
Max Val   : -0.09999
Min Val   : -0.10532
Start     : 3.20000
Finish    : 4.49500
Gradient  : -0.00488
Grad Label: cons  

