Iteration : 2
Average   : -0.11773
Max Val   : -0.11743
Min Val   : -0.11803
Start     : 3.77500
Finish    : 4.49500
Gradient  : -0.00087
Grad Label: cons  

