Iteration : 1
Average   : 0.00054
Max Val   : 0.00172
Min Val   : -0.00065
Start     : 0.00000
Finish    : 4.49500
Gradient  : -0.00033
Grad Label: cons  

