Iteration     : 1
CompLabel     : FX
averageVal1   : 1.59187
averageVal2   : -0.59953
AVG_MAG_VAL   : 0.06023
rmsVal1       : 2.04273
rmsVal2       : 2.04273
AVG_RMS_Val   : 2.24264
amplitudeVal1 : 1.75537
amplitudeVal2 : 0.10855
AVG_AMP_VAL   : 3.55697
Label 1       : bpos
Label 2       : bpos
t1Start       : 0.00000
t1End         : 4.65000
t2Start       : 4.65000
t2End         : 9.97000
tAvgIndex     : 4.98500

