Iteration : 1
Average   : 2.05526
Max Val   : 2.05791
Min Val   : 2.05262
Start     : 0.00000
Finish    : 0.47500
Gradient  : 0.01113
Grad Label: cons  

Iteration : 2
Average   : 2.12549
Max Val   : 2.16582
Min Val   : 2.08516
Start     : 0.47500
Finish    : 3.15000
Gradient  : 0.03015
Grad Label: cons  

Iteration : 3
Average   : -1.23659
Max Val   : 2.20020
Min Val   : -4.67338
Start     : 3.15000
Finish    : 3.21000
Gradient  : -121.76550
Grad Label: nimp  

