Iteration : 1
Average   : 0.00271
Max Val   : 0.00473
Min Val   : 0.00069
Start     : 0.00000
Finish    : 3.15000
Gradient  : -0.00128
Grad Label: cons  

Iteration : 2
Average   : -0.00529
Max Val   : -0.00438
Min Val   : -0.00621
Start     : 3.15000
Finish    : 3.17500
Gradient  : -0.07308
Grad Label: cons  

Iteration : 3
Average   : 0.00243
Max Val   : 0.03585
Min Val   : -0.03099
Start     : 3.17500
Finish    : 3.21000
Gradient  : 1.77930
Grad Label: spos  

