Iteration : 1
Average   : -0.10840
Max Val   : -0.09945
Min Val   : -0.11734
Start     : 0.00000
Finish    : 3.15000
Gradient  : -0.00568
Grad Label: cons  

Iteration : 2
Average   : 0.15676
Max Val   : 0.43024
Min Val   : -0.11673
Start     : 3.15000
Finish    : 3.21000
Gradient  : 9.79716
Grad Label: pimp  

