Iteration : 2
Average   : 0.22479
Max Val   : 0.56772
Min Val   : -0.11814
Start     : 3.75000
Finish    : 3.82000
Gradient  : 10.92217
Grad Label: pimp  

