Iteration : 2
Average   : -0.17959
Max Val   : -0.00102
Min Val   : -0.35816
Start     : 3.75000
Finish    : 3.82000
Gradient  : -5.70266
Grad Label: bneg  

