Iteration : 2
Average   : 2.15121
Max Val   : 2.23342
Min Val   : 2.06899
Start     : 0.47500
Finish    : 3.75000
Gradient  : 0.05021
Grad Label: cons  

Iteration : 3
Average   : -0.39593
Max Val   : 2.28346
Min Val   : -3.07532
Start     : 3.75000
Finish    : 3.82000
Gradient  : -85.56719
Grad Label: nimp  

