Iteration : 2
Average   : -0.03300
Max Val   : 0.00092
Min Val   : -0.06693
Start     : 3.75000
Finish    : 3.82000
Gradient  : -1.11560
Grad Label: sneg  

