Iteration : 2
Average   : -1.70395
Max Val   : -1.59243
Min Val   : -1.81547
Start     : 0.32500
Finish    : 3.05000
Gradient  : -0.08185
Grad Label: cons  

Iteration : 3
Average   : -1.67958
Max Val   : -1.50898
Min Val   : -1.85018
Start     : 3.05000
Finish    : 3.75000
Gradient  : 0.48743
Grad Label: cons  

Iteration : 4
Average   : 4.42598
Max Val   : 10.54280
Min Val   : -1.69084
Start     : 3.75000
Finish    : 3.82000
Gradient  : 195.49550
Grad Label: pimp  

