Iteration : 2
Average   : -0.09205
Max Val   : -0.09144
Min Val   : -0.09266
Start     : 1.50000
Finish    : 3.75000
Gradient  : -0.00054
Grad Label: cons  

Iteration : 3
Average   : 1.88044
Max Val   : 3.87517
Min Val   : -0.11428
Start     : 3.75000
Finish    : 3.82000
Gradient  : 64.16838
Grad Label: bpos  

