Iteration : 2
Average   : 0.00338
Max Val   : 0.00554
Min Val   : 0.00121
Start     : 3.32500
Finish    : 3.35000
Gradient  : 0.17334
Grad Label: spos  

Iteration : 3
Average   : 0.00856
Max Val   : 0.01305
Min Val   : 0.00407
Start     : 3.35000
Finish    : 3.37500
Gradient  : 0.35896
Grad Label: spos  

Iteration : 4
Average   : 0.02158
Max Val   : 0.03282
Min Val   : 0.01034
Start     : 3.37500
Finish    : 3.42000
Gradient  : 0.36755
Grad Label: spos  

