Iteration : 2
Average   : -0.09757
Max Val   : -0.04549
Min Val   : -0.14964
Start     : 3.32500
Finish    : 3.35000
Gradient  : 4.16593
Grad Label: mpos  

Iteration : 3
Average   : 0.15981
Max Val   : 0.37999
Min Val   : -0.06037
Start     : 3.35000
Finish    : 3.42000
Gradient  : 6.58314
Grad Label: bpos  

