Iteration : 2
Average   : -0.01193
Max Val   : 0.01069
Min Val   : -0.03454
Start     : 3.32500
Finish    : 3.35000
Gradient  : -1.80934
Grad Label: sneg  

Iteration : 3
Average   : -0.05523
Max Val   : -0.02589
Min Val   : -0.08456
Start     : 3.35000
Finish    : 3.37500
Gradient  : 2.34680
Grad Label: mpos  

Iteration : 4
Average   : 0.00770
Max Val   : 0.07020
Min Val   : -0.05480
Start     : 3.37500
Finish    : 3.42000
Gradient  : 2.45657
Grad Label: mpos  

