Iteration : 2
Average   : -1.69776
Max Val   : -1.57700
Min Val   : -1.81852
Start     : 0.15000
Finish    : 3.15000
Gradient  : -0.08051
Grad Label: cons  

Iteration : 3
Average   : -1.71425
Max Val   : -1.57938
Min Val   : -1.84913
Start     : 3.15000
Finish    : 3.32500
Gradient  : 1.54140
Grad Label: spos  

Iteration : 4
Average   : 4.16643
Max Val   : 10.07310
Min Val   : -1.74023
Start     : 3.32500
Finish    : 3.42000
Gradient  : 139.11692
Grad Label: pimp  

