Iteration     : 1
CompLabel     : a
averageVal1   : -0.09611
averageVal2   : 0.17515
AVG_MAG_VAL   : 0.64694
rmsVal1       : -0.02224
rmsVal2       : -0.02224
AVG_RMS_Val   : 4.95571
amplitudeVal1 : 0.40646
amplitudeVal2 : 0.37978
AVG_AMP_VAL   : 3.67914
Label 1       : bpos
Label 2       : bpos
t1Start       : 0.00000
t1End         : 3.30000
t2Start       : 3.30000
t2End         : 6.24000
tAvgIndex     : 3.12000

