Iteration     : 1
CompLabel     : FX
averageVal1   : 0.00091
averageVal2   : 0.00091
AVG_MAG_VAL   : 0.00091
rmsVal1       : 0.01613
rmsVal2       : 0.01613
AVG_RMS_Val   : 0.01613
amplitudeVal1 : 0.02745
amplitudeVal2 : 0.02745
AVG_AMP_VAL   : 0.02745
Label 1       : k
Label 2       : k
t1Start       : 0.00000
t1End         : 3.73000
t2Start       : 0.00000
t2End         : 3.73000
tAvgIndex     : 1.86500

