Iteration     : 1
CompLabel     : CT
averageVal1   : 0.91476
averageVal2   : 0.91476
AVG_MAG_VAL   : 0.91476
rmsVal1       : 10.30700
rmsVal2       : 10.30700
AVG_RMS_Val   : 10.30700
amplitudeVal1 : 12.15242
amplitudeVal2 : 12.15242
AVG_AMP_VAL   : 12.15242
Label 1       : pc
Label 2       : z
t1Start       : 0.00000
t1End         : 3.62500
t2Start       : 3.62500
t2End         : 3.73000
tAvgIndex     : 1.86500

