Iteration     : 1
CompLabel     : FX
averageVal1   : -0.10995
averageVal2   : 0.14318
AVG_MAG_VAL   : 0.01662
rmsVal1       : -0.09942
rmsVal2       : -0.09942
AVG_RMS_Val   : 0.40469
amplitudeVal1 : 0.52516
amplitudeVal2 : 0.52302
AVG_AMP_VAL   : 0.52516
Label 1       : a
Label 2       : a
t1Start       : 0.00000
t1End         : 3.62500
t2Start       : 3.62500
t2End         : 3.73000
tAvgIndex     : 1.86500

