Iteration : 2
Average   : -0.09213
Max Val   : -0.08117
Min Val   : -0.10309
Start     : 1.52500
Finish    : 3.07500
Gradient  : -0.01414
Grad Label: cons  

Iteration : 3
Average   : -0.10243
Max Val   : -0.09896
Min Val   : -0.10590
Start     : 3.07500
Finish    : 4.49500
Gradient  : -0.00514
Grad Label: cons  

