Iteration : 2
Average   : -1.70005
Max Val   : -1.58255
Min Val   : -1.81755
Start     : 0.32500
Finish    : 3.05000
Gradient  : -0.08624
Grad Label: cons  

Iteration : 3
Average   : -1.70738
Max Val   : -1.65742
Min Val   : -1.75735
Start     : 3.05000
Finish    : 4.49500
Gradient  : 0.07516
Grad Label: cons  

