Iteration : 2
Average   : 0.00117
Max Val   : 0.00122
Min Val   : 0.00111
Start     : 4.17500
Finish    : 4.49500
Gradient  : -0.00030
Grad Label: cons  

