Iteration : 2
Average   : -0.11638
Max Val   : -0.11635
Min Val   : -0.11641
Start     : 3.60000
Finish    : 4.49500
Gradient  : -0.00001
Grad Label: cons  

