Iteration : 2
Average   : 2.16616
Max Val   : 2.27444
Min Val   : 2.05788
Start     : 0.47500
Finish    : 4.49500
Gradient  : 0.05322
Grad Label: cons  

