Iteration     : 1
CompLabel     : FX
averageVal1   : -0.10976
averageVal2   : 0.14576
AVG_MAG_VAL   : 0.00181
rmsVal1       : -0.10077
rmsVal2       : -0.10077
AVG_RMS_Val   : 0.35134
amplitudeVal1 : 0.23032
amplitudeVal2 : 0.41117
AVG_AMP_VAL   : 0.41117
Label 1       : a
Label 2       : a
t1Start       : 0.00000
t1End         : 3.65000
t2Start       : 3.65000
t2End         : 4.08500
tAvgIndex     : 2.04250

