Iteration     : 1
CompLabel     : FX
averageVal1   : -0.02419
averageVal2   : -0.02480
AVG_MAG_VAL   : -0.02849
rmsVal1       : 0.00497
rmsVal2       : 0.00497
AVG_RMS_Val   : 0.00497
amplitudeVal1 : 0.01719
amplitudeVal2 : 0.03423
AVG_AMP_VAL   : 0.03423
Label 1       : a
Label 2       : a
t1Start       : 0.00000
t1End         : 3.55000
t2Start       : 3.55000
t2End         : 3.70000
tAvgIndex     : 1.85000

