Iteration     : 1
CompLabel     : FX
averageVal1   : -0.10926
averageVal2   : 0.11967
AVG_MAG_VAL   : 0.02345
rmsVal1       : -0.02057
rmsVal2       : -0.02057
AVG_RMS_Val   : 0.32495
amplitudeVal1 : 0.41386
amplitudeVal2 : 0.64379
AVG_AMP_VAL   : 0.64379
Label 1       : a
Label 2       : a
t1Start       : 0.00000
t1End         : 3.50000
t2Start       : 3.50000
t2End         : 3.70000
tAvgIndex     : 1.85000

