Iteration     : 1
CompLabel     : FX
averageVal1   : -0.06596
averageVal2   : 0.20048
AVG_MAG_VAL   : 0.06726
rmsVal1       : -0.00779
rmsVal2       : -0.00779
AVG_RMS_Val   : 0.46474
amplitudeVal1 : 0.28260
amplitudeVal2 : 0.26072
AVG_AMP_VAL   : 0.28260
Label 1       : a
Label 2       : a
t1Start       : 0.00000
t1End         : 3.52500
t2Start       : 3.52500
t2End         : 3.70000
tAvgIndex     : 1.85000

