Iteration : 2
Average   : -1.69881
Max Val   : -1.58284
Min Val   : -1.81479
Start     : 0.30000
Finish    : 3.02500
Gradient  : -0.08512
Grad Label: cons  

Iteration : 3
Average   : -1.60005
Max Val   : -1.33877
Min Val   : -1.86133
Start     : 3.02500
Finish    : 4.32500
Gradient  : 0.40197
Grad Label: cons  

Iteration : 4
Average   : 4.00363
Max Val   : 9.59345
Min Val   : -1.58619
Start     : 4.32500
Finish    : 4.41500
Gradient  : 117.88272
Grad Label: pimp  

