Iteration : 2
Average   : 0.26761
Max Val   : 0.65766
Min Val   : -0.12244
Start     : 4.32500
Finish    : 4.41500
Gradient  : 8.19637
Grad Label: pimp  

