Iteration : 2
Average   : 2.15719
Max Val   : 2.23426
Min Val   : 2.08012
Start     : 0.45000
Finish    : 4.32500
Gradient  : 0.03978
Grad Label: cons  

Iteration : 3
Average   : 0.10241
Max Val   : 2.27388
Min Val   : -2.06906
Start     : 4.32500
Finish    : 4.41500
Gradient  : -43.12227
Grad Label: mneg  

