Iteration : 2
Average   : -0.00481
Max Val   : 0.00443
Min Val   : -0.01404
Start     : 3.82500
Finish    : 4.32500
Gradient  : -0.03694
Grad Label: cons  

Iteration : 3
Average   : -0.13242
Max Val   : -0.00351
Min Val   : -0.26134
Start     : 4.32500
Finish    : 4.41500
Gradient  : -2.81930
Grad Label: mneg  

