Iteration     : 1
CompLabel     : a
averageVal1   : -0.08940
averageVal2   : 1.52640
AVG_MAG_VAL   : 0.75481
rmsVal1       : 0.00298
rmsVal2       : 0.00298
AVG_RMS_Val   : 6.48286
amplitudeVal1 : 0.78189
amplitudeVal2 : 7.53003
AVG_AMP_VAL   : 7.53003
Label 1       : bpos
Label 2       : bpos
t1Start       : 0.00000
t1End         : 3.67500
t2Start       : 3.67500
t2End         : 6.43000
tAvgIndex     : 3.21500

