Iteration     : 1
CompLabel     : CT
averageVal1   : 2.05623
averageVal2   : 2.05623
AVG_MAG_VAL   : 2.05623
rmsVal1       : 10.83330
rmsVal2       : 10.83330
AVG_RMS_Val   : 10.83330
amplitudeVal1 : 5.28504
amplitudeVal2 : 5.28504
AVG_AMP_VAL   : 5.28504
Label 1       : pc
Label 2       : z
t1Start       : 0.00000
t1End         : 3.60000
t2Start       : 3.50000
t2End         : 3.60000
tAvgIndex     : 1.80000

