Iteration     : 1
CompLabel     : FX
averageVal1   : -0.10971
averageVal2   : 0.19884
AVG_MAG_VAL   : 0.00996
rmsVal1       : -0.09918
rmsVal2       : -0.09918
AVG_RMS_Val   : 0.42424
amplitudeVal1 : 0.21221
amplitudeVal2 : 0.36459
AVG_AMP_VAL   : 0.36459
Label 1       : a
Label 2       : a
t1Start       : 0.00000
t1End         : 3.45000
t2Start       : 3.45000
t2End         : 3.60000
tAvgIndex     : 1.80000

