Iteration     : 1
CompLabel     : FX
averageVal1   : -0.00226
averageVal2   : -0.00379
AVG_MAG_VAL   : -0.00302
rmsVal1       : 0.00503
rmsVal2       : 0.00503
AVG_RMS_Val   : 0.02255
amplitudeVal1 : 0.03351
amplitudeVal2 : 0.04302
AVG_AMP_VAL   : 0.04302
Label 1       : a
Label 2       : a
t1Start       : 0.00000
t1End         : 3.52500
t2Start       : 3.52500
t2End         : 3.60000
tAvgIndex     : 1.80000

