Iteration     : 1
CompLabel     : FX
averageVal1   : 0.00537
averageVal2   : -0.02351
AVG_MAG_VAL   : -0.01550
rmsVal1       : 0.00651
rmsVal2       : 0.00651
AVG_RMS_Val   : 0.15249
amplitudeVal1 : 0.02901
amplitudeVal2 : 0.13873
AVG_AMP_VAL   : 0.18989
Label 1       : bpos
Label 2       : bpos
t1Start       : 0.00000
t1End         : 6.05000
t2Start       : 6.05000
t2End         : 6.44000
tAvgIndex     : 3.22000

