Iteration     : 1
CompLabel     : FX
averageVal1   : -0.35630
averageVal2   : 0.16530
AVG_MAG_VAL   : 0.08362
rmsVal1       : 0.00100
rmsVal2       : -0.39109
AVG_RMS_Val   : 0.40500
amplitudeVal1 : 0.38392
amplitudeVal2 : 0.36370
AVG_AMP_VAL   : 0.66994
Label 1       : bpos
Label 2       : bpos
t1Start       : 0.00000
t1End         : 5.55000
t2Start       : 5.55000
t2End         : 5.91000
tAvgIndex     : 2.95500

