Iteration     : 1
CompLabel     : FX
averageVal1   : 0.00007
averageVal2   : -0.31125
AVG_MAG_VAL   : -0.29657
rmsVal1       : 0.00134
rmsVal2       : 0.00134
AVG_RMS_Val   : 0.10563
amplitudeVal1 : 0.19895
amplitudeVal2 : 0.29787
AVG_AMP_VAL   : 0.36282
Label 1       : bpos
Label 2       : bpos
t1Start       : 0.00000
t1End         : 5.27500
t2Start       : 5.27500
t2End         : 6.53500
tAvgIndex     : 3.26750

