Iteration     : 1
CompLabel     : CT
averageVal1   : 2.20618
averageVal2   : 2.20618
AVG_MAG_VAL   : 2.20618
rmsVal1       : 10.40810
rmsVal2       : 10.40810
AVG_RMS_Val   : 10.40810
amplitudeVal1 : 6.27567
amplitudeVal2 : 6.27567
AVG_AMP_VAL   : 6.27567
Label 1       : pc
Label 2       : z
t1Start       : 0.00000
t1End         : 4.02000
t2Start       : 3.90000
t2End         : 4.02000
tAvgIndex     : 2.01000

