Iteration     : 1
CompLabel     : FX
averageVal1   : 3.14731
averageVal2   : 2.36156
AVG_MAG_VAL   : 2.48813
rmsVal1       : 2.20807
rmsVal2       : 2.20807
AVG_RMS_Val   : 4.27914
amplitudeVal1 : 2.37913
amplitudeVal2 : 1.21815
AVG_AMP_VAL   : 3.28437
Label 1       : a
Label 2       : a
t1Start       : 0.00000
t1End         : 4.25000
t2Start       : 4.25000
t2End         : 4.41000
tAvgIndex     : 2.20500

