Iteration     : 1
CompLabel     : FX
averageVal1   : -2.47395
averageVal2   : -2.47395
AVG_MAG_VAL   : -2.47395
rmsVal1       : -1.55632
rmsVal2       : -1.55632
AVG_RMS_Val   : -1.55632
amplitudeVal1 : 0.26033
amplitudeVal2 : 0.26033
AVG_AMP_VAL   : 0.26033
Label 1       : k
Label 2       : k
t1Start       : 0.00000
t1End         : 4.50000
t2Start       : 0.00000
t2End         : 4.50000
tAvgIndex     : 2.25000

