Iteration     : 1
CompLabel     : FX
averageVal1   : -0.13898
averageVal2   : -0.13898
AVG_MAG_VAL   : -0.13898
rmsVal1       : -0.07357
rmsVal2       : -0.07357
AVG_RMS_Val   : -0.07357
amplitudeVal1 : 0.03168
amplitudeVal2 : 0.03168
AVG_AMP_VAL   : 0.03168
Label 1       : k
Label 2       : k
t1Start       : 0.00000
t1End         : 4.50000
t2Start       : 0.00000
t2End         : 4.50000
tAvgIndex     : 2.25000

