Iteration     : 1
CompLabel     : FX
averageVal1   : 2.11912
averageVal2   : 2.11912
AVG_MAG_VAL   : 2.11912
rmsVal1       : 2.30936
rmsVal2       : 2.30936
AVG_RMS_Val   : 2.30936
amplitudeVal1 : 0.25742
amplitudeVal2 : 0.25742
AVG_AMP_VAL   : 0.25742
Label 1       : k
Label 2       : k
t1Start       : 0.00000
t1End         : 4.50000
t2Start       : 0.00000
t2End         : 4.50000
tAvgIndex     : 2.25000

