Iteration     : 1
CompLabel     : FX
averageVal1   : 2.11099
averageVal2   : 2.11099
AVG_MAG_VAL   : 2.11099
rmsVal1       : 2.27689
rmsVal2       : 2.27689
AVG_RMS_Val   : 2.27689
amplitudeVal1 : 0.22456
amplitudeVal2 : 0.22456
AVG_AMP_VAL   : 0.22456
Label 1       : k
Label 2       : k
t1Start       : 0.00000
t1End         : 4.50000
t2Start       : 0.00000
t2End         : 4.50000
tAvgIndex     : 2.25000

