Iteration     : 1
CompLabel     : FX
averageVal1   : -0.10596
averageVal2   : -0.10596
AVG_MAG_VAL   : -0.10596
rmsVal1       : -0.05946
rmsVal2       : -0.05946
AVG_RMS_Val   : -0.05946
amplitudeVal1 : 0.04122
amplitudeVal2 : 0.04122
AVG_AMP_VAL   : 0.04122
Label 1       : k
Label 2       : k
t1Start       : 0.00000
t1End         : 4.50000
t2Start       : 0.00000
t2End         : 4.50000
tAvgIndex     : 2.25000

