Iteration     : 1
CompLabel     : FX
averageVal1   : 2.09621
averageVal2   : 1.26401
AVG_MAG_VAL   : 1.89688
rmsVal1       : 2.20569
rmsVal2       : 2.20569
AVG_RMS_Val   : 2.54742
amplitudeVal1 : 0.35107
amplitudeVal2 : 1.71120
AVG_AMP_VAL   : 1.71120
Label 1       : a
Label 2       : a
t1Start       : 0.00000
t1End         : 4.22500
t2Start       : 4.22500
t2End         : 4.49500
tAvgIndex     : 2.24750

