Iteration     : 1
CompLabel     : FX
averageVal1   : 2.12191
averageVal2   : 2.12191
AVG_MAG_VAL   : 2.12191
rmsVal1       : 2.31980
rmsVal2       : 2.31980
AVG_RMS_Val   : 2.31980
amplitudeVal1 : 0.26622
amplitudeVal2 : 0.26622
AVG_AMP_VAL   : 0.26622
Label 1       : k
Label 2       : k
t1Start       : 0.00000
t1End         : 4.50000
t2Start       : 0.00000
t2End         : 4.50000
tAvgIndex     : 2.25000

