Iteration     : 1
CompLabel     : FX
averageVal1   : -2.47509
averageVal2   : -2.47509
AVG_MAG_VAL   : -2.47509
rmsVal1       : -1.55944
rmsVal2       : -1.55944
AVG_RMS_Val   : -1.55944
amplitudeVal1 : 0.25596
amplitudeVal2 : 0.25596
AVG_AMP_VAL   : 0.25596
Label 1       : k
Label 2       : k
t1Start       : 0.00000
t1End         : 4.50000
t2Start       : 0.00000
t2End         : 4.50000
tAvgIndex     : 2.25000

