Iteration     : 1
CompLabel     : CT
averageVal1   : 0.77527
averageVal2   : 0.77527
AVG_MAG_VAL   : 0.77527
rmsVal1       : 2.26858
rmsVal2       : 2.26858
AVG_RMS_Val   : 2.26858
amplitudeVal1 : 5.63868
amplitudeVal2 : 5.63868
AVG_AMP_VAL   : 5.63868
Label 1       : nc
Label 2       : z
t1Start       : 0.00000
t1End         : 3.67500
t2Start       : 3.67500
t2End         : 3.74500
tAvgIndex     : 1.87250

