Iteration     : 1
CompLabel     : CT
averageVal1   : 0.03895
averageVal2   : 0.03895
AVG_MAG_VAL   : 0.03895
rmsVal1       : 0.49277
rmsVal2       : 0.49277
AVG_RMS_Val   : 0.49277
amplitudeVal1 : 0.61244
amplitudeVal2 : 0.61244
AVG_AMP_VAL   : 0.61244
Label 1       : pc
Label 2       : z
t1Start       : 0.00000
t1End         : 3.67500
t2Start       : 3.67500
t2End         : 3.74500
tAvgIndex     : 1.87250

