Iteration     : 1
CompLabel     : CT
averageVal1   : 0.91256
averageVal2   : 0.91256
AVG_MAG_VAL   : 0.91256
rmsVal1       : 10.30220
rmsVal2       : 10.30220
AVG_RMS_Val   : 10.30220
amplitudeVal1 : 12.15275
amplitudeVal2 : 12.15275
AVG_AMP_VAL   : 12.15275
Label 1       : pc
Label 2       : z
t1Start       : 0.00000
t1End         : 3.67500
t2Start       : 3.67500
t2End         : 3.74500
tAvgIndex     : 1.87250

