Iteration     : 1
CompLabel     : a
averageVal1   : 0.00284
averageVal2   : -0.14452
AVG_MAG_VAL   : -0.08312
rmsVal1       : 0.00284
rmsVal2       : 0.14494
AVG_RMS_Val   : -0.02137
amplitudeVal1 : 0.02950
amplitudeVal2 : 0.12315
AVG_AMP_VAL   : 0.15952
Label 1       : bpos
Label 2       : bpos
t1Start       : 0.00000
t1End         : 5.52500
t2Start       : 5.52500
t2End         : 5.87000
tAvgIndex     : 2.93500

