Iteration : 1
Average   : -0.10872
Max Val   : -0.09978
Min Val   : -0.11766
Start     : 0.00000
Finish    : 3.32500
Gradient  : -0.00538
Grad Label: cons  

Iteration : 2
Average   : -0.04215
Max Val   : 0.03468
Min Val   : -0.11898
Start     : 3.32500
Finish    : 3.35000
Gradient  : 6.14665
Grad Label: bpos  

Iteration : 3
Average   : 0.20159
Max Val   : 0.39719
Min Val   : 0.00598
Start     : 3.35000
Finish    : 3.40500
Gradient  : 7.49145
Grad Label: pimp  

