Iteration     : 1
CompLabel     : FX
averageVal1   : -0.00261
averageVal2   : -0.00157
AVG_MAG_VAL   : -0.00209
rmsVal1       : 0.00486
rmsVal2       : 0.00486
AVG_RMS_Val   : 0.02234
amplitudeVal1 : 0.03265
amplitudeVal2 : 0.04919
AVG_AMP_VAL   : 0.04919
Label 1       : a
Label 2       : a
t1Start       : 0.00000
t1End         : 3.17500
t2Start       : 3.17500
t2End         : 3.22500
tAvgIndex     : 1.61250

