Iteration     : 1
CompLabel     : CT
averageVal1   : 1.02004
averageVal2   : 1.02004
AVG_MAG_VAL   : 1.02004
rmsVal1       : 10.64310
rmsVal2       : 10.64310
AVG_RMS_Val   : 10.64310
amplitudeVal1 : 13.66482
amplitudeVal2 : 13.66482
AVG_AMP_VAL   : 13.66482
Label 1       : pc
Label 2       : z
t1Start       : 0.00000
t1End         : 3.12500
t2Start       : 3.12500
t2End         : 3.22500
tAvgIndex     : 1.61250

