Iteration     : 1
CompLabel     : FX
averageVal1   : -0.10783
averageVal2   : 0.12840
AVG_MAG_VAL   : 0.01028
rmsVal1       : -0.10056
rmsVal2       : -0.10056
AVG_RMS_Val   : 0.40411
amplitudeVal1 : 0.18580
amplitudeVal2 : 0.44635
AVG_AMP_VAL   : 0.44635
Label 1       : a
Label 2       : a
t1Start       : 0.00000
t1End         : 3.15000
t2Start       : 3.15000
t2End         : 3.22500
tAvgIndex     : 1.61250

