Iteration     : 1
CompLabel     : FX
averageVal1   : -0.00124
averageVal2   : -0.09023
AVG_MAG_VAL   : -0.04389
rmsVal1       : 0.00502
rmsVal2       : 0.00502
AVG_RMS_Val   : 0.00502
amplitudeVal1 : 0.10342
amplitudeVal2 : 0.03909
AVG_AMP_VAL   : 0.10342
Label 1       : a
Label 2       : a
t1Start       : 0.00000
t1End         : 3.70000
t2Start       : 3.70000
t2End         : 4.24000
tAvgIndex     : 2.12000

