Iteration     : 1
CompLabel     : CT
averageVal1   : 0.92932
averageVal2   : 0.92932
AVG_MAG_VAL   : 0.92932
rmsVal1       : 10.38520
rmsVal2       : 10.38520
AVG_RMS_Val   : 10.38520
amplitudeVal1 : 12.25837
amplitudeVal2 : 12.25837
AVG_AMP_VAL   : 12.25837
Label 1       : pc
Label 2       : z
t1Start       : 0.00000
t1End         : 3.47500
t2Start       : 3.47500
t2End         : 3.57500
tAvgIndex     : 1.78750

