Iteration     : 1
CompLabel     : FX
averageVal1   : 2.09536
averageVal2   : -0.65522
AVG_MAG_VAL   : 0.72007
rmsVal1       : 2.19377
rmsVal2       : 2.19377
AVG_RMS_Val   : 2.19977
amplitudeVal1 : 5.70998
amplitudeVal2 : 5.70998
AVG_AMP_VAL   : 5.70998
Label 1       : a
Label 2       : a
t1Start       : 0.00000
t1End         : 3.47500
t2Start       : 3.47500
t2End         : 3.57500
tAvgIndex     : 1.78750

