Iteration     : 1
CompLabel     : FX
averageVal1   : -0.10961
averageVal2   : 0.14250
AVG_MAG_VAL   : 0.01644
rmsVal1       : -0.09932
rmsVal2       : -0.09932
AVG_RMS_Val   : 0.40273
amplitudeVal1 : 0.52263
amplitudeVal2 : 0.52046
AVG_AMP_VAL   : 0.52263
Label 1       : a
Label 2       : a
t1Start       : 0.00000
t1End         : 3.47500
t2Start       : 3.47500
t2End         : 3.57500
tAvgIndex     : 1.78750

