Iteration     : 1
CompLabel     : FX
averageVal1   : -0.13218
averageVal2   : 1.74675
AVG_MAG_VAL   : 0.90967
rmsVal1       : -0.02340
rmsVal2       : -0.02340
AVG_RMS_Val   : 3.23835
amplitudeVal1 : 0.46047
amplitudeVal2 : 1.35166
AVG_AMP_VAL   : 1.35166
Label 1       : bpos
Label 2       : bpos
t1Start       : 0.00000
t1End         : 3.52500
t2Start       : 3.52500
t2End         : 4.64500
tAvgIndex     : 2.32250

