Iteration     : 1
CompLabel     : a
averageVal1   : 3.03489
averageVal2   : 9.47870
AVG_MAG_VAL   : 9.15922
rmsVal1       : 3.03489
rmsVal2       : 9.47870
AVG_RMS_Val   : 8.95993
amplitudeVal1 : 1.29590
amplitudeVal2 : 0.74751
AVG_AMP_VAL   : 0.63445
Label 1       : bpos
Label 2       : bpos
t1Start       : 0.00000
t1End         : 7.15000
t2Start       : 7.15000
t2End         : 7.62500
tAvgIndex     : 3.81250

Iteration     : 2
CompLabel     : i
averageVal1   : 8.06941
averageVal2   : 11.70841
AVG_MAG_VAL   : 9.88891
rmsVal1       : 8.07078
rmsVal2       : 11.80278
AVG_RMS_Val   : 7.14918
amplitudeVal1 : 2.70360
amplitudeVal2 : 4.68737
AVG_AMP_VAL   : 3.69549
Label 1       : mneg
Label 2       : sneg
t1Start       : 7.62500
t1End         : 7.70000
t2Start       : 7.70000
t2End         : 7.75000
tAvgIndex     : 7.69375

Iteration     : 3
CompLabel     : a
averageVal1   : 10.35684
averageVal2   : 10.81786
AVG_MAG_VAL   : 11.05030
rmsVal1       : 10.35684
rmsVal2       : 10.81803
AVG_RMS_Val   : 8.89701
amplitudeVal1 : 1.67753
amplitudeVal2 : 0.32712
AVG_AMP_VAL   : 0.60756
Label 1       : bpos
Label 2       : bpos
t1Start       : 7.75000
t1End         : 10.32500
t2Start       : 10.32500
t2End         : 10.40500
tAvgIndex     : 9.07750

