Iteration     : 1
CompLabel     : a
averageVal1   : 0.14452
averageVal2   : 0.78060
AVG_MAG_VAL   : 0.62709
rmsVal1       : 0.14452
rmsVal2       : 0.78461
AVG_RMS_Val   : 0.52653
amplitudeVal1 : 0.28360
amplitudeVal2 : 0.19741
AVG_AMP_VAL   : 0.21134
Label 1       : bpos
Label 2       : bpos
t1Start       : 0.00000
t1End         : 9.87500
t2Start       : 9.87500
t2End         : 10.40500
tAvgIndex     : 5.20250

