Iteration     : 1
CompLabel     : FX
averageVal1   : 2.09068
averageVal2   : 1.73674
AVG_MAG_VAL   : 1.80146
rmsVal1       : 2.16201
rmsVal2       : 2.16201
AVG_RMS_Val   : 3.43337
amplitudeVal1 : 1.97001
amplitudeVal2 : 2.42840
AVG_AMP_VAL   : 3.13915
Label 1       : a
Label 2       : a
t1Start       : 0.00000
t1End         : 3.77500
t2Start       : 3.77500
t2End         : 4.49500
tAvgIndex     : 2.24750

