Iteration     : 1
CompLabel     : FX
averageVal1   : 1.59187
averageVal2   : 0.59057
AVG_MAG_VAL   : 1.39294
rmsVal1       : 2.04269
rmsVal2       : 2.04269
AVG_RMS_Val   : 3.25167
amplitudeVal1 : 1.69663
amplitudeVal2 : 1.25347
AVG_AMP_VAL   : 3.61915
Label 1       : a
Label 2       : a
t1Start       : 0.00000
t1End         : 3.92500
t2Start       : 3.92500
t2End         : 4.26000
tAvgIndex     : 2.13000

