Iteration     : 1
CompLabel     : FX
averageVal1   : -0.11032
averageVal2   : 0.13154
AVG_MAG_VAL   : 0.01061
rmsVal1       : -0.10032
rmsVal2       : -0.10032
AVG_RMS_Val   : 0.38158
amplitudeVal1 : 0.50191
amplitudeVal2 : 0.50008
AVG_AMP_VAL   : 0.50191
Label 1       : a
Label 2       : a
t1Start       : 0.00000
t1End         : 3.62500
t2Start       : 3.62500
t2End         : 3.72500
tAvgIndex     : 1.86250

