Iteration     : 1
CompLabel     : CT
averageVal1   : 0.77736
averageVal2   : 0.77736
AVG_MAG_VAL   : 0.77736
rmsVal1       : 9.73993
rmsVal2       : 9.73993
AVG_RMS_Val   : 9.73993
amplitudeVal1 : 11.58650
amplitudeVal2 : 11.58650
AVG_AMP_VAL   : 11.58650
Label 1       : pc
Label 2       : z
t1Start       : 0.00000
t1End         : 3.62500
t2Start       : 3.62500
t2End         : 3.72500
tAvgIndex     : 1.86250

