Iteration : 2
Average   : 2.13846
Max Val   : 2.18439
Min Val   : 2.09253
Start     : 0.45000
Finish    : 3.77500
Gradient  : 0.02763
Grad Label: cons  

Iteration : 3
Average   : -0.78414
Max Val   : 1.96174
Min Val   : -3.53003
Start     : 3.77500
Finish    : 3.83000
Gradient  : -96.07929
Grad Label: nimp  

