Iteration : 2
Average   : -0.05672
Max Val   : -0.00310
Min Val   : -0.11034
Start     : 3.77500
Finish    : 3.83000
Gradient  : -2.05302
Grad Label: sneg  

