Iteration : 2
Average   : -0.09740
Max Val   : 0.01662
Min Val   : -0.21142
Start     : 3.75000
Finish    : 3.77500
Gradient  : 9.12145
Grad Label: pimp  

Iteration : 3
Average   : 0.25401
Max Val   : 0.58545
Min Val   : -0.07742
Start     : 3.77500
Finish    : 3.83000
Gradient  : 11.47222
Grad Label: pimp  

