Iteration : 2
Average   : -0.09541
Max Val   : -0.08318
Min Val   : -0.10765
Start     : 1.50000
Finish    : 3.75000
Gradient  : -0.01088
Grad Label: cons  

Iteration : 3
Average   : 0.01473
Max Val   : 0.72452
Min Val   : -0.69507
Start     : 3.75000
Finish    : 3.77500
Gradient  : 56.78384
Grad Label: bpos  

Iteration : 4
Average   : 2.23958
Max Val   : 4.34703
Min Val   : 0.13212
Start     : 3.77500
Finish    : 3.83000
Gradient  : 74.50346
Grad Label: pimp  

