Iteration : 2
Average   : -0.01177
Max Val   : 0.04694
Min Val   : -0.07047
Start     : 3.75000
Finish    : 3.77500
Gradient  : -4.69622
Grad Label: bneg  

Iteration : 3
Average   : -0.19043
Max Val   : -0.02253
Min Val   : -0.35833
Start     : 3.77500
Finish    : 3.83000
Gradient  : -5.74225
Grad Label: bneg  

