Iteration     : 1
CompLabel     : a
averageVal1   : -0.00069
averageVal2   : -0.07651
AVG_MAG_VAL   : -0.09066
rmsVal1       : 0.00086
rmsVal2       : 0.00086
AVG_RMS_Val   : 0.16524
amplitudeVal1 : 0.00407
amplitudeVal2 : 0.04030
AVG_AMP_VAL   : 0.25956
Label 1       : bpos
Label 2       : bpos
t1Start       : 0.00000
t1End         : 5.77500
t2Start       : 5.77500
t2End         : 5.90000
tAvgIndex     : 2.95000

