Iteration     : 1
CompLabel     : FX
averageVal1   : -2.45966
averageVal2   : -2.45966
AVG_MAG_VAL   : -2.45966
rmsVal1       : -1.50891
rmsVal2       : -1.50891
AVG_RMS_Val   : -1.50891
amplitudeVal1 : 0.30826
amplitudeVal2 : 0.30826
AVG_AMP_VAL   : 0.30826
Label 1       : k
Label 2       : k
t1Start       : 0.00000
t1End         : 4.49500
t2Start       : 0.00000
t2End         : 4.49500
tAvgIndex     : 2.24750

