Iteration     : 1
CompLabel     : FX
averageVal1   : -0.12564
averageVal2   : -0.12564
AVG_MAG_VAL   : -0.12564
rmsVal1       : -0.07345
rmsVal2       : -0.07345
AVG_RMS_Val   : -0.07345
amplitudeVal1 : 0.03568
amplitudeVal2 : 0.03568
AVG_AMP_VAL   : 0.03568
Label 1       : k
Label 2       : k
t1Start       : 0.00000
t1End         : 4.49500
t2Start       : 0.00000
t2End         : 4.49500
tAvgIndex     : 2.24750

